1000
21 10 21 26 27 11
3 28 16 21 2 13
12 7 17 13 23 11
29 24 19 14 4 23
12 11 25 11 1 11
9 9 5 2 25 1
27 28 25 24 7 9
29 1 24 3 16 4
25 1 22 21 23 24
2 26 25 8 22 15
25 28 24 22 15 7
19 24 27 18 2 3
29 29 3 17 17 28
3 19 11 28 20 25
6 3 14 14 16 28
18 14 26 6 22 28
3 21 24 4 13 16
21 26 16 3 2 29
13 10 13 2 18 21
9 20 3 9 22 14
1 19 15 22 28 24
4 2 5 15 13 17
7 21 7 10 2 20
16 18 18 21 1 23
12 9 30 2 10 29
11 26 22 30 13 11
23 22 14 28 30 17
18 25 14 8 16 5
7 2 15 30 21 17
4 12 9 7 3 18
15 9 27 27 18 9
15 20 4 21 1 17
12 17 30 23 17 16
11 20 14 13 13 13
2 2 8 9 20 18
24 26 7 5 2 2
13 7 3 9 28 21
2 15 26 21 7 11
24 12 10 26 13 12
25 28 7 2 26 18
12 7 28 16 9 12
27 14 9 26 19 19
18 29 8 8 25 20
30 19 14 17 18 13
8 24 5 18 21 17
27 27 9 15 17 17
21 8 3 15 16 21
26 8 13 14 2 16
19 5 19 26 14 28
2 9 17 24 7 13
20 16 9 20 18 25
7 4 3 6 9 24
25 5 3 21 24 4
28 7 24 30 11 3
17 24 8 17 22 9
22 12 29 30 8 19
5 12 28 24 28 6
5 29 2 11 30 5
14 19 7 14 6 14
28 28 19 4 28 4
14 23 8 11 1 19
30 9 3 27 5 8
15 21 29 29 6 20
14 23 17 17 22 21
29 17 29 26 20 27
5 27 20 20 18 6
7 17 24 13 2 25
27 17 30 3 3 13
15 28 26 3 30 24
9 11 7 23 18 17
23 28 7 15 20 29
24 21 9 16 6 8
2 15 29 1 8 12
12 12 4 22 19 29
22 17 15 19 25 26
15 12 7 24 21 1
24 19 7 12 11 22
12 21 25 1 25 4
2 28 5 28 25 7
25 26 8 7 14 2
7 1 19 24 19 4
11 14 2 23 23 23
16 29 24 30 4 2
22 14 10 12 10 2
4 21 11 25 6 16
10 28 15 5 2 28
6 12 13 19 8 12
30 4 28 22 28 16
25 13 9 2 12 2
18 1 2 10 19 18
10 15 8 25 18 30
11 4 2 25 17 22
1 7 7 2 30 25
19 11 25 16 23 21
16 14 30 27 11 29
30 1 23 5 17 13
26 6 5 11 13 1
25 11 2 16 13 5
5 17 28 21 2 5
25 17 2 18 29 28
22 1 15 13 18 19
21 25 9 13 17 1
19 28 11 28 6 5
2 18 5 10 6 9
22 27 9 5 1 21
28 25 4 13 23 23
24 10 28 6 9 8
16 10 23 11 19 29
9 5 2 23 22 2
17 15 6 9 30 16
19 18 28 25 3 3
2 10 24 5 11 1
5 29 1 27 3 16
11 12 3 18 25 8
13 14 12 16 5 11
9 19 23 20 19 8
27 10 29 20 7 11
19 19 21 7 6 4
30 5 9 20 17 6
24 20 27 27 18 9
12 3 19 18 2 6
24 26 25 13 22 21
26 18 18 4 27 24
11 6 5 15 13 4
8 26 17 22 13 2
11 17 16 1 6 9
4 8 19 1 12 1
26 28 29 11 30 8
23 14 21 10 6 9
2 29 18 17 10 6
6 20 10 19 20 5
4 7 24 13 28 2
9 11 17 7 4 12
8 21 6 11 15 19
18 21 16 7 14 20
27 16 29 5 30 5
2 11 5 7 16 29
6 11 7 29 25 27
25 30 24 28 4 28
24 29 29 30 30 14
4 5 16 1 4 25
13 5 26 27 17 11
17 11 17 8 17 22
14 20 26 8 6 2
24 9 27 16 25 26
4 22 24 11 22 29
7 14 21 30 14 19
27 16 1 19 19 7
11 28 26 12 2 8
18 7 11 5 8 27
20 24 20 20 3 5
28 11 14 25 12 15
15 23 17 3 15 16
26 30 1 25 8 5
11 27 15 29 16 21
19 13 4 18 1 24
24 22 4 16 27 20
13 24 9 24 28 22
13 22 24 22 12 8
8 11 6 9 25 15
4 4 24 4 11 4
14 3 13 21 7 15
15 1 13 12 25 6
11 16 10 12 19 23
27 18 5 6 5 28
20 20 11 3 13 16
2 16 12 18 12 22
27 20 8 7 14 8
27 30 10 25 29 22
16 17 5 5 1 7
9 30 26 3 20 30
7 24 20 5 7 9
17 17 8 24 9 14
8 13 23 4 18 5
25 5 9 20 29 13
5 10 15 14 12 14
16 8 26 17 14 3
3 30 9 30 27 10
9 4 25 30 20 13
19 2 9 23 3 17
15 25 9 24 29 23
30 10 29 13 15 22
29 30 28 11 1 4
23 14 22 5 29 11
23 28 8 8 18 13
28 11 12 25 17 2
10 17 23 17 3 18
3 22 28 2 26 8
8 24 11 15 13 30
29 24 14 1 9 11
20 25 30 20 19 28
24 9 24 7 23 5
28 15 11 7 1 2
2 16 26 6 18 12
24 9 30 4 20 17
18 23 6 26 14 9
13 7 24 5 11 5
16 12 23 21 11 2
21 7 9 29 28 25
28 17 12 10 14 11
13 10 27 24 29 21
6 5 14 16 13 13
18 20 10 30 22 5
5 14 15 27 27 15
8 21 22 29 2 19
14 17 19 23 9 2
29 30 22 15 20 11
3 8 19 28 20 13
20 21 4 16 11 21
7 17 2 11 22 1
12 7 3 2 26 4
3 2 9 15 30 3
3 7 2 5 26 7
5 4 18 19 4 9
26 10 27 14 27 18
1 27 9 22 19 28
26 8 6 3 3 4
22 13 2 30 25 22
9 11 12 9 10 5
18 17 30 3 25 20
23 20 21 12 29 19
23 13 7 29 12 24
12 11 8 22 14 18
29 3 18 16 16 2
17 14 3 2 16 9
19 6 4 12 17 25
5 24 12 12 20 20
6 14 17 19 30 22
20 29 20 11 20 15
9 13 10 1 3 29
9 5 3 22 29 2
25 22 25 29 9 26
21 17 4 3 30 27
22 26 6 17 7 20
4 19 6 5 12 4
12 20 9 7 14 5
29 18 23 1 1 15
4 19 22 25 1 16
11 25 11 2 19 13
8 16 9 27 22 7
26 16 20 28 30 28
19 13 29 6 10 29
19 22 30 26 16 6
29 11 14 21 15 7
28 11 27 11 22 13
29 1 14 12 16 9
26 8 15 10 7 5
24 21 24 22 10 8
10 16 29 4 28 5
21 26 7 19 29 28
15 27 19 7 8 29
8 2 14 24 2 7
2 16 19 14 15 26
26 4 4 6 30 21
25 1 20 3 28 2
16 14 19 26 8 7
15 27 4 13 13 2
10 21 16 7 8 9
20 29 16 13 26 1
30 9 27 25 2 2
8 16 17 2 25 17
12 4 25 8 19 1
22 2 14 23 15 3
29 25 28 26 22 1
20 6 25 29 1 30
7 28 17 7 4 4
8 13 6 26 29 13
10 2 15 4 12 1
8 18 21 4 10 25
13 18 10 24 26 16
9 12 12 8 30 25
19 29 27 23 15 13
9 10 2 23 10 21
28 9 13 16 17 23
24 13 9 30 19 27
17 1 18 30 11 15
8 3 13 15 6 13
6 21 6 24 15 25
3 2 29 21 14 19
1 11 30 25 8 14
1 10 12 19 29 2
9 22 22 10 6 8
29 27 20 22 16 7
4 26 14 4 12 24
1 23 10 27 10 25
30 8 8 11 29 9
27 1 19 4 25 17
8 29 21 22 18 14
21 16 12 6 6 12
20 5 18 24 10 14
28 28 30 21 28 24
1 10 14 29 2 14
12 2 19 20 25 19
19 18 18 19 20 6
4 30 4 28 16 29
20 15 13 20 22 25
17 10 29 17 15 8
24 10 9 14 7 29
6 9 11 29 25 10
6 30 7 13 13 4
1 19 21 29 21 21
7 1 11 4 17 3
16 16 20 19 13 27
24 7 14 1 4 13
11 3 24 6 8 28
14 1 10 23 10 27
10 2 27 11 9 18
29 14 17 17 16 15
27 12 27 17 6 15
18 24 8 20 26 6
21 16 26 29 19 24
5 15 10 18 1 13
9 25 8 17 22 2
24 2 28 16 4 6
18 26 17 15 29 7
17 8 22 7 17 21
25 6 4 30 29 9
1 6 26 26 19 12
19 1 10 7 8 3
12 24 28 6 12 6
24 21 27 19 30 27
29 24 2 4 3 6
29 26 20 18 11 18
21 5 14 22 17 20
16 26 19 19 7 5
17 6 6 9 15 29
15 10 3 14 3 15
28 8 21 16 20 11
29 16 14 11 4 29
30 17 12 12 29 25
11 25 14 22 27 18
21 3 19 3 9 17
6 17 2 20 12 15
3 21 20 22 14 15
15 22 23 15 11 21
11 8 2 26 7 13
6 17 27 13 17 29
20 14 24 24 2 11
9 9 19 5 23 8
13 8 15 25 17 26
16 11 26 4 28 2
20 15 18 20 17 22
19 26 15 30 2 26
13 23 19 25 28 15
21 18 23 18 11 13
14 7 30 1 12 29
6 29 7 11 15 23
3 3 18 29 12 8
8 24 8 7 16 16
14 1 3 14 14 5
7 21 15 21 13 2
13 21 2 28 27 7
19 14 17 13 3 26
18 20 8 26 6 22
24 27 16 11 2 7
20 6 12 23 3 13
28 2 24 13 23 29
21 15 10 14 6 30
20 13 26 18 20 11
10 27 3 25 30 9
1 21 28 2 1 16
12 8 20 25 14 18
12 4 25 26 18 27
14 12 13 9 23 28
5 29 4 12 6 10
17 26 28 1 25 25
16 30 7 12 24 20
17 14 11 28 21 20
30 28 2 21 27 6
20 4 9 19 13 7
17 30 25 6 6 5
26 20 25 19 9 23
14 8 8 12 14 20
27 6 8 1 2 16
22 20 24 9 30 23
14 22 3 6 13 19
15 19 9 28 1 2
15 23 16 1 20 13
19 6 22 13 3 15
30 16 14 19 17 14
23 29 29 4 10 19
5 25 16 22 20 30
23 3 11 23 16 6
7 24 16 8 26 21
8 28 6 14 27 15
30 29 6 1 26 3
25 23 21 13 5 3
9 8 17 19 15 16
7 22 1 26 15 13
9 28 14 2 6 3
23 27 11 6 4 20
14 12 23 14 5 15
13 6 9 16 2 14
9 7 15 18 3 11
29 30 4 18 24 26
9 21 4 17 16 24
27 17 4 10 4 7
3 20 30 22 29 19
4 12 6 24 23 8
13 6 23 7 27 25
28 24 17 2 6 7
20 22 6 25 21 1
7 4 15 13 26 11
10 28 30 2 7 11
25 14 20 21 20 5
11 6 17 10 11 29
11 18 7 5 24 28
7 26 18 12 1 13
13 21 30 10 30 2
9 13 18 26 22 3
7 8 17 9 25 3
12 17 6 20 16 15
8 14 19 16 23 16
21 25 12 23 1 14
11 16 13 2 17 26
7 10 7 28 6 5
4 3 2 27 4 11
28 30 5 9 12 24
19 20 8 24 16 26
4 27 12 3 15 18
7 9 11 8 22 13
14 14 19 5 19 13
10 25 27 4 27 14
29 4 22 19 6 27
9 10 14 20 17 13
3 8 27 19 4 13
29 8 22 23 3 15
30 28 8 19 20 28
3 26 1 10 21 18
30 4 21 1 6 20
13 2 1 8 25 5
29 26 28 4 4 29
18 27 7 21 22 4
6 5 22 6 22 5
3 4 22 6 1 11
6 26 5 21 21 26
28 27 17 22 13 10
11 12 28 10 28 29
27 27 10 17 3 10
3 27 29 13 17 26
9 22 19 15 30 8
11 30 21 18 15 20
21 2 4 26 4 17
8 18 15 26 23 20
20 18 15 20 25 4
4 27 28 10 11 27
30 13 5 8 2 2
14 24 15 11 26 2
30 12 30 25 26 13
29 28 9 25 20 9
16 19 15 20 21 4
13 8 16 22 4 2
22 21 14 15 3 17
23 3 4 14 24 4
18 9 8 8 3 14
2 19 18 27 28 16
9 1 19 29 2 1
3 14 15 27 12 15
4 18 8 21 20 10
22 14 24 21 9 2
14 7 21 22 1 23
14 19 28 8 2 30
1 11 28 27 18 21
29 14 16 15 26 15
24 7 28 16 11 29
9 16 8 27 30 28
7 13 15 22 4 7
20 14 13 13 10 10
9 16 4 6 1 25
20 3 4 20 2 3
12 10 23 15 5 3
7 28 23 29 14 22
10 5 18 15 17 20
26 11 5 9 29 20
9 14 19 22 24 7
24 5 12 16 16 24
16 12 28 27 22 5
5 15 15 26 29 5
21 15 14 25 17 15
15 19 11 7 29 25
13 8 11 5 30 3
6 20 6 26 17 15
3 28 17 16 26 8
18 28 25 27 25 8
6 9 20 21 29 1
10 1 13 11 13 12
3 12 10 18 25 21
3 10 28 9 11 17
7 28 8 25 26 21
25 14 27 7 22 19
7 3 23 11 18 12
7 6 18 20 17 12
13 7 1 21 11 27
28 2 2 22 7 2
27 25 17 6 1 20
14 8 12 30 2 26
29 29 2 18 17 1
30 9 12 7 14 10
18 22 9 18 9 13
4 9 20 21 30 4
28 18 14 3 24 12
5 14 13 19 4 8
20 3 25 25 6 8
25 22 11 22 25 26
14 30 17 21 28 16
26 20 21 17 27 4
15 30 29 21 16 11
18 5 29 26 18 23
6 14 2 16 17 27
14 10 10 6 13 20
13 25 13 13 2 25
26 7 5 9 1 19
4 8 28 28 21 15
23 26 25 5 2 18
26 8 29 19 10 9
14 29 19 15 12 3
21 2 11 28 5 9
4 30 27 28 24 7
5 13 1 5 16 15
14 3 4 15 7 26
18 13 30 15 1 30
1 23 4 27 16 14
4 15 6 24 10 14
6 1 30 17 25 2
7 9 5 3 10 13
15 2 11 22 9 7
11 29 17 2 7 1
21 29 16 21 10 22
29 16 22 16 19 20
10 21 18 25 18 20
30 9 23 29 7 3
1 27 6 15 18 6
11 24 13 9 10 21
6 27 1 5 15 18
7 11 20 4 11 30
15 28 23 25 25 2
18 16 7 13 4 4
6 16 14 21 9 25
10 6 30 5 27 6
22 27 5 16 7 27
19 21 9 20 30 23
17 6 12 22 1 28
29 19 2 19 7 2
7 24 14 17 22 5
21 2 28 10 25 2
27 29 12 2 30 10
19 25 11 17 21 4
10 1 29 14 23 21
18 30 26 18 30 22
17 7 20 5 10 23
1 23 23 24 3 7
15 22 16 7 14 2
6 3 8 12 23 8
26 12 10 6 27 21
26 6 11 27 22 18
30 6 29 9 1 30
6 8 8 10 2 28
17 16 18 14 21 27
30 6 11 20 23 9
9 22 25 23 10 18
3 18 17 30 26 25
19 7 19 15 3 16
18 16 29 23 2 11
24 15 19 25 29 16
1 12 27 26 30 7
8 15 28 16 11 2
9 17 26 8 17 26
28 20 14 18 28 8
14 26 19 30 1 4
30 4 17 20 17 14
5 19 22 13 8 8
8 1 13 16 11 10
16 2 29 22 26 5
10 30 1 15 27 30
4 13 1 29 12 13
29 19 23 16 29 13
27 20 22 27 18 29
6 21 10 27 10 19
25 29 29 25 28 15
27 8 26 19 27 9
15 30 27 25 15 12
25 21 14 22 5 29
4 9 23 6 2 6
10 9 1 3 10 7
16 16 22 24 14 15
3 12 5 6 2 9
14 8 16 25 19 17
12 18 15 27 16 11
8 30 14 5 11 23
30 18 24 10 23 19
24 13 29 7 7 25
21 11 27 11 14 10
19 7 14 19 6 4
7 29 9 27 14 22
5 26 16 12 29 9
19 12 29 20 18 27
6 14 14 7 2 8
12 3 14 2 29 9
6 1 7 25 10 14
21 25 10 28 28 2
21 13 27 15 9 4
17 30 17 10 27 15
12 14 24 9 15 11
20 16 16 29 13 3
26 30 11 14 15 22
2 17 27 13 24 30
8 28 2 13 26 7
20 10 18 16 25 3
25 12 25 26 7 10
17 7 30 9 9 5
29 2 2 3 15 30
28 14 14 29 21 6
28 2 22 4 26 5
24 18 30 30 23 14
18 19 26 7 8 1
9 22 26 17 24 7
17 29 8 5 4 8
30 30 15 3 30 16
25 11 18 14 5 4
13 24 5 15 13 27
26 29 16 9 2 20
5 21 9 30 18 17
2 28 11 22 15 19
10 26 8 8 18 13
26 24 29 17 10 13
8 26 21 13 20 9
1 30 4 23 11 23
22 1 24 17 22 28
4 27 20 7 12 27
1 9 19 5 16 4
22 23 30 2 8 16
23 26 16 11 17 3
30 13 8 25 10 13
9 20 9 12 21 22
2 23 8 21 22 19
15 24 9 12 13 13
15 12 29 22 10 30
1 29 26 2 16 23
19 20 23 27 24 5
10 27 21 13 29 12
25 15 27 10 26 4
1 22 12 13 24 2
13 6 16 3 25 17
5 11 5 13 25 2
16 9 22 29 10 5
5 26 27 18 9 3
19 20 28 24 30 15
22 21 24 30 10 11
6 17 17 10 10 1
6 28 8 13 5 4
9 19 17 20 9 28
29 17 28 28 25 1
24 1 8 5 14 12
17 24 11 21 27 19
1 11 27 26 19 25
15 24 24 28 14 23
21 14 29 25 23 5
9 3 26 5 25 28
15 9 11 14 18 21
26 3 26 7 25 6
9 9 29 11 30 26
16 15 24 9 28 2
14 27 1 29 14 30
4 11 5 11 13 10
18 17 15 30 24 24
20 19 26 22 14 28
16 29 11 6 11 4
2 13 1 5 2 14
8 16 15 6 1 28
17 16 21 29 15 9
14 16 15 13 2 5
19 23 13 16 24 16
12 30 17 5 11 19
15 11 17 26 22 23
25 24 4 9 20 10
21 13 12 6 22 23
23 27 14 7 27 11
9 16 18 5 25 10
27 14 8 13 15 13
12 18 9 1 27 24
3 16 19 22 26 26
13 26 14 18 17 26
19 15 23 26 22 22
11 2 12 14 21 25
12 29 29 8 14 25
25 27 29 9 21 15
26 30 24 6 7 25
10 17 4 18 5 28
15 8 6 25 13 4
20 24 23 23 26 3
15 27 28 15 9 18
2 9 18 8 2 17
19 21 3 26 19 3
21 28 29 15 13 20
9 12 5 2 1 27
10 25 29 28 9 19
25 23 16 12 10 13
13 8 1 27 29 1
18 24 30 25 21 11
22 22 28 20 25 22
1 29 21 27 23 1
16 10 1 27 13 16
26 7 2 28 10 6
17 3 21 7 16 3
23 9 7 15 4 24
7 24 12 22 11 26
26 5 23 3 20 16
23 15 13 25 12 29
6 8 29 27 6 9
10 13 25 9 15 8
23 13 5 1 20 11
22 14 14 6 7 17
5 30 9 1 2 21
4 21 20 15 7 12
11 6 9 7 28 10
11 1 15 2 22 17
18 2 17 30 8 16
10 15 30 18 21 12
29 11 25 9 2 24
17 2 18 8 2 3
7 14 25 1 3 23
9 1 14 17 11 1
10 5 21 2 12 15
21 2 11 28 28 2
22 14 26 4 1 2
23 24 29 7 24 9
22 1 14 29 27 28
29 30 2 3 15 4
18 22 16 6 15 5
24 20 20 29 19 11
1 19 11 17 13 3
22 2 3 14 18 6
11 19 9 4 28 5
13 29 25 15 26 1
7 27 26 27 4 14
30 13 4 19 11 24
30 22 18 7 10 19
10 16 22 18 26 22
18 7 30 23 21 30
10 24 23 26 13 24
24 27 19 6 16 8
7 14 3 12 5 16
8 4 13 2 18 9
2 29 29 15 7 2
13 28 21 14 18 4
4 19 27 27 2 9
12 13 29 11 16 26
19 26 14 26 26 16
8 13 18 26 3 30
3 4 6 11 26 20
17 11 11 23 17 2
14 25 1 17 19 11
20 2 6 2 30 11
11 21 21 8 24 15
1 8 4 8 13 9
15 25 5 20 15 19
19 28 11 21 27 25
27 25 30 6 28 16
18 21 18 17 21 19
23 12 10 11 12 25
19 12 29 21 24 26
15 1 27 30 30 29
27 11 6 11 1 26
22 6 12 3 22 28
11 10 25 22 6 13
25 28 23 10 25 6
30 30 8 9 27 27
17 5 2 29 12 24
14 3 12 21 27 23
8 7 5 28 8 10
22 13 2 28 17 5
17 17 21 10 11 27
16 24 3 16 3 29
3 8 13 21 7 9
18 7 11 20 11 16
1 24 28 7 13 7
26 2 15 20 8 10
7 15 24 3 24 20
1 4 10 10 17 26
8 26 20 11 28 30
16 21 18 14 22 18
9 15 26 10 9 26
18 8 7 23 25 16
1 16 14 22 25 14
23 16 23 23 27 3
8 29 3 17 27 10
24 27 9 13 4 11
23 25 15 22 4 26
7 28 20 16 14 30
6 6 8 26 13 6
9 28 21 19 18 24
10 30 4 6 15 6
26 22 23 16 5 9
5 6 13 13 12 20
14 16 11 22 18 15
6 10 20 27 1 4
17 28 23 9 5 7
11 7 25 3 21 7
22 28 14 7 29 15
4 1 4 19 20 8
12 12 21 13 26 20
30 25 19 3 20 8
12 11 17 8 18 27
23 2 5 2 23 11
20 27 8 9 11 20
6 22 27 2 8 28
5 22 14 11 18 30
14 27 9 2 15 26
21 1 26 18 9 4
18 5 21 30 27 23
22 26 8 29 15 2
4 21 17 27 1 11
27 23 5 29 27 3
27 12 10 26 6 16
30 15 2 8 24 20
29 12 3 18 18 13
1 24 5 16 19 2
17 1 7 10 2 19
13 18 19 7 28 10
2 17 1 6 11 11
28 28 13 5 18 6
19 18 17 12 8 30
3 2 9 30 7 26
21 18 24 7 20 9
6 12 28 15 23 3
9 23 24 28 17 29
13 12 1 3 23 27
21 15 27 7 9 10
18 8 23 11 12 5
5 4 27 2 9 24
28 20 30 3 2 11
4 29 4 2 12 15
1 27 6 17 13 23
15 30 29 12 8 18
25 12 17 3 19 29
30 21 12 28 29 24
18 18 9 18 10 9
8 18 13 28 30 2
19 5 16 25 24 11
22 12 14 22 6 7
19 23 11 17 2 13
23 1 3 15 14 26
10 2 11 20 8 23
24 28 21 22 11 6
18 10 13 23 1 15
13 4 30 12 13 28
22 21 30 23 28 26
29 28 9 15 13 9
1 1 15 14 16 20
23 20 29 19 13 8
2 5 5 27 16 17
9 16 19 28 11 27
14 3 11 25 29 10
24 11 25 24 4 15
21 16 28 21 1 7
3 23 11 15 27 13
8 28 12 28 17 15
5 4 21 21 16 27
3 28 21 13 7 27
23 4 14 29 26 13
10 26 10 9 25 21
13 21 1 23 16 30
28 1 9 14 4 7
15 13 26 13 16 17
21 14 8 28 26 24
18 9 23 22 2 9
1 22 9 2 23 23
23 18 2 20 3 3
2 5 25 14 1 2
18 24 25 29 3 27
5 15 18 15 16 7
8 21 26 19 24 10
26 17 1 24 28 22
30 23 7 6 5 20
14 29 24 23 9 17
23 3 20 24 17 15
15 11 4 2 8 19
28 3 8 26 11 19
6 13 5 1 7 29
5 7 9 3 30 27
2 21 5 2 8 7
5 22 12 10 17 12
26 12 8 5 26 28
6 7 19 26 14 22
15 22 24 17 26 12
27 24 2 25 29 2
2 16 4 24 8 17
1 15 1 16 28 18
22 4 27 3 15 3
12 13 10 25 27 10
2 29 6 13 22 8
8 18 30 21 17 18
5 26 18 1 19 27
15 22 23 26 7 7
28 22 8 11 4 27
14 27 4 10 8 17
27 12 8 26 30 27
10 15 1 28 24 22
15 11 30 12 7 28
8 4 13 18 15 10
6 8 21 2 24 23
11 12 25 19 25 22
30 13 11 6 15 27
12 7 28 29 24 1
25 10 23 23 3 21
24 29 28 18 15 3
21 23 25 16 8 12
10 21 18 16 1 4
17 12 28 28 11 1
10 7 26 19 7 9
27 18 20 27 27 10
23 9 13 29 5 9
25 18 29 13 10 2
19 30 10 4 9 29
23 27 4 26 16 9
6 14 21 28 1 6
10 18 10 9 14 21
30 3 7 12 4 14
23 16 19 14 21 7
20 28 20 29 7 25
20 13 27 7 1 2
6 11 14 23 4 24
19 8 27 10 25 5
11 18 16 15 24 8
16 25 16 7 19 11
18 29 15 14 24 9
30 15 6 25 15 11
10 16 28 24 23 15
13 15 11 19 5 4
11 26 12 4 20 12
4 3 21 28 21 6
6 28 7 5 28 24
28 2 22 2 15 25
20 11 24 25 28 6
1 9 5 25 6 4
22 29 20 30 30 10
3 30 6 7 18 3
25 21 6 17 7 6
29 30 10 29 29 20
24 6 22 22 5 7
20 21 28 13 26 3
15 29 17 4 5 13
27 16 5 15 11 12
23 8 23 29 3 28
13 3 20 19 15 30
17 26 10 1 20 17
15 14 27 22 29 11
7 17 24 28 19 1
2 7 23 28 10 19
23 19 8 26 28 22
15 8 9 14 9 28
9 1 30 17 4 24
6 15 3 7 1 1
24 19 17 11 14 5
16 15 3 1 18 4
25 22 2 11 7 7
30 18 13 15 8 27
8 25 22 29 2 14
16 28 22 16 2 26
25 20 19 28 14 30
29 25 30 5 25 10
17 19 6 21 13 3
14 16 30 21 29 20
13 1 23 16 2 13
10 16 15 24 27 18
20 6 7 26 6 13
9 27 2 7 11 12
18 21 22 4 1 8
16 14 12 16 10 1
5 3 24 5 29 2
27 2 7 14 12 24
23 21 1 14 6 19
20 7 28 8 29 28
1 25 21 17 27 10
16 6 25 25 18 3
30 8 11 6 9 8
25 1 11 19 4 17
12 15 22 14 7 25
30 28 7 12 14 22
6 23 30 9 2 6
11 12 29 28 19 1
28 1 9 2 7 22
14 12 11 22 26 27
7 5 5 29 25 26
15 15 3 3 4 15
4 24 21 4 18 7
6 4 23 30 6 9
30 26 27 22 17 20
8 28 4 19 4 28
20 26 11 28 22 5
22 13 14 6 15 3
17 23 14 9 30 17
25 23 29 4 28 29
20 11 24 11 4 25
24 9 11 3 18 10
11 18 30 2 4 13
17 29 15 15 3 26
8 11 6 2 4 28
8 21 17 30 21 23
4 7 20 7 9 4
