1000
31 30 14 34 28 26
7 11 36 20 6 6
25 30 36 18 16 10
24 19 33 19 25 30
39 25 35 11 11 28
38 18 20 19 8 18
13 26 5 39 15 4
36 5 31 16 13 10
40 7 20 7 24 12
6 14 22 10 1 26
11 3 33 39 29 9
23 15 25 22 11 23
25 36 21 24 2 7
8 15 1 36 26 31
37 21 40 15 25 26
39 11 36 20 14 8
25 24 5 14 7 11
2 21 15 38 27 39
7 3 17 18 12 37
38 33 21 39 16 3
6 15 39 21 11 11
5 28 11 24 32 29
5 26 3 6 35 11
23 9 22 12 28 30
5 16 6 32 7 14
37 39 23 12 23 17
12 11 13 7 23 28
5 26 35 27 25 30
10 13 19 31 32 16
8 13 3 18 2 10
2 6 15 4 16 11
40 4 5 16 1 29
38 20 13 24 17 30
31 30 39 18 20 38
40 16 36 17 33 21
11 26 4 17 23 12
7 1 28 39 28 14
36 22 22 19 35 16
37 28 6 39 34 33
25 2 38 12 14 14
20 9 37 4 37 9
19 11 27 15 20 32
28 29 28 33 13 10
27 3 37 35 34 26
30 40 34 14 5 29
11 32 37 11 15 36
12 34 5 36 14 30
5 13 28 22 16 24
21 11 14 32 33 10
24 25 22 35 4 19
19 12 1 36 15 25
8 13 14 37 38 12
16 15 1 25 29 26
3 21 8 28 5 24
34 16 26 6 13 7
4 21 12 31 28 21
40 35 31 9 32 12
22 14 9 22 29 25
34 28 40 20 3 33
12 23 28 11 15 18
26 8 9 17 39 38
31 38 17 34 29 5
20 27 8 33 36 19
19 18 24 20 30 31
1 2 5 14 20 17
5 7 31 6 19 25
24 4 31 12 16 34
1 22 10 14 35 25
11 7 13 11 11 7
3 38 12 35 8 38
37 11 12 39 36 31
25 27 11 3 26 22
22 6 5 32 12 35
26 2 16 27 34 16
17 23 18 34 26 24
32 21 11 7 4 17
35 7 18 40 34 10
5 25 24 7 27 8
21 9 38 6 2 12
23 14 23 39 13 21
14 17 11 13 15 36
40 32 21 15 17 12
31 32 2 25 1 15
22 15 11 23 13 27
32 40 1 19 19 37
24 12 13 39 31 8
4 22 15 8 27 8
1 25 40 28 27 10
14 12 1 19 26 24
8 9 30 4 17 17
39 26 7 16 24 21
12 35 1 30 26 6
21 9 5 1 21 2
24 12 21 28 9 26
34 20 27 6 37 16
33 31 37 22 12 15
38 12 1 38 35 14
24 19 5 33 24 15
22 5 5 32 40 33
14 2 28 30 17 4
28 17 27 15 39 29
13 21 4 7 6 15
16 33 35 20 26 22
3 14 36 5 1 7
5 20 38 7 15 24
40 16 21 28 10 3
8 25 24 26 20 23
6 8 37 39 32 3
29 35 8 13 7 7
22 21 20 24 34 22
35 23 28 12 16 29
36 21 28 10 28 38
19 31 31 26 1 36
15 24 30 40 3 15
34 15 34 14 5 26
40 13 38 4 3 23
3 6 13 36 13 39
13 9 12 6 2 2
16 23 27 15 6 2
16 26 6 23 39 1
24 11 3 36 4 19
1 5 30 11 16 19
27 28 32 27 14 13
27 17 10 32 3 15
38 20 11 10 17 34
19 2 31 1 38 33
39 26 20 28 13 27
4 38 19 11 19 5
19 40 33 34 10 1
16 38 26 5 8 27
33 27 2 24 27 3
9 3 26 19 27 15
28 37 26 31 11 6
18 20 4 22 35 12
5 16 39 18 32 22
2 33 34 26 18 38
8 36 31 37 39 3
33 40 8 37 28 40
34 36 30 30 14 11
17 3 9 24 34 6
11 26 7 21 36 4
25 34 14 28 16 6
13 30 30 25 10 27
34 34 11 18 10 28
22 28 1 13 27 21
35 32 24 2 39 27
9 26 37 14 1 30
26 9 32 16 11 18
26 5 31 16 12 27
24 27 6 37 16 14
29 4 26 29 4 36
23 2 26 10 12 22
20 5 23 17 34 14
1 14 6 4 36 23
37 19 29 8 23 7
33 22 15 31 4 11
33 29 29 8 30 39
9 22 38 4 12 21
28 16 38 26 14 1
32 29 19 5 6 16
11 32 15 17 25 40
22 40 21 33 21 16
15 31 16 11 20 1
18 7 7 19 32 16
18 14 22 25 10 37
25 9 4 17 7 5
19 30 15 7 26 37
11 30 4 38 29 8
21 10 7 8 7 2
27 22 10 35 19 26
33 28 6 12 36 12
30 30 24 6 23 5
3 30 1 40 19 31
20 22 2 2 32 23
24 7 16 11 1 8
16 5 31 34 22 30
4 21 38 21 36 37
38 12 33 5 18 14
30 26 18 1 25 7
16 12 39 4 34 35
16 2 39 24 9 10
30 16 40 13 19 28
26 30 28 19 26 17
19 22 1 2 3 11
17 5 29 17 37 22
6 15 36 13 29 32
30 8 12 13 12 7
13 27 28 7 17 19
40 17 26 24 6 35
30 1 7 12 21 12
35 29 23 9 9 21
1 36 24 1 3 9
17 6 8 32 32 5
15 28 13 29 40 28
28 3 19 20 40 27
11 35 35 18 2 39
27 10 5 32 5 1
31 5 3 38 22 23
19 7 13 38 38 36
26 20 12 28 13 14
26 2 28 28 36 5
9 5 3 28 21 35
22 21 40 32 33 31
32 9 2 31 14 25
6 10 19 31 25 33
37 36 6 36 40 36
21 34 7 27 38 40
1 40 30 18 34 21
18 3 38 24 26 16
1 16 6 26 8 12
32 34 25 28 23 12
30 11 20 13 27 28
40 9 22 31 25 23
10 6 37 2 25 37
5 22 16 33 27 15
28 4 38 35 40 14
38 17 5 33 38 26
25 10 38 35 1 2
23 16 28 29 32 32
29 17 29 39 39 30
23 36 30 37 38 16
32 24 34 15 15 17
1 40 15 5 38 16
33 34 24 29 33 1
1 28 18 32 11 7
11 38 28 25 31 12
1 23 20 14 2 6
25 26 10 38 17 17
12 4 39 27 24 39
17 22 25 24 17 17
14 20 10 2 29 19
5 21 13 16 33 14
1 17 30 34 15 12
33 20 7 31 8 10
34 10 37 22 33 32
36 31 29 14 9 30
1 10 24 39 16 11
32 7 32 10 3 26
9 21 14 22 27 36
35 16 13 14 25 24
29 13 4 23 38 4
19 6 27 14 26 29
3 16 15 35 4 29
29 8 39 22 36 13
34 28 21 4 19 1
40 28 32 32 11 24
6 38 24 8 19 24
23 29 7 35 36 15
17 12 7 20 37 13
11 25 23 24 39 20
4 34 25 10 40 19
24 16 25 33 14 18
6 24 19 38 12 38
29 4 22 19 9 26
15 22 5 19 32 35
29 6 30 40 1 40
26 39 25 3 30 11
6 14 35 25 31 10
37 34 36 26 26 9
19 33 25 31 4 29
11 7 26 30 21 16
31 36 40 15 5 35
7 29 17 6 1 23
25 2 29 5 37 34
36 34 31 37 39 21
5 5 37 29 30 11
22 3 32 22 4 17
10 3 40 6 17 18
28 3 1 28 6 17
18 1 24 13 6 36
39 22 16 15 16 6
39 23 31 39 6 1
16 28 5 29 34 7
19 32 28 17 30 20
22 31 9 13 21 24
39 31 4 24 17 33
15 25 24 27 36 15
32 21 14 8 22 18
3 7 20 22 20 29
34 38 20 31 38 8
21 30 26 12 28 3
10 8 23 12 6 21
25 33 18 25 3 11
14 26 20 7 13 4
1 4 8 32 15 21
26 5 35 7 24 39
18 8 33 9 11 34
10 33 37 6 4 34
11 40 17 18 21 38
21 40 23 8 36 22
39 6 14 16 10 36
38 28 17 29 34 16
12 13 23 33 20 28
14 33 34 12 21 29
10 6 12 7 14 27
15 16 37 22 13 10
2 12 7 8 37 20
23 26 25 39 40 20
23 40 12 20 19 37
22 31 10 30 28 17
27 14 21 6 3 40
30 14 10 39 37 8
7 4 8 2 26 10
9 23 21 26 15 12
26 14 26 4 7 24
3 7 13 14 10 27
6 5 37 6 13 36
1 16 40 18 5 37
13 11 4 20 26 21
9 15 21 13 5 14
2 31 3 32 3 1
30 37 17 16 35 22
27 17 32 33 5 9
1 20 15 37 18 19
38 23 34 15 20 22
21 12 18 30 35 16
38 7 8 20 8 7
10 30 37 5 9 11
5 2 39 23 25 17
36 8 33 1 7 23
31 12 14 12 10 16
17 19 3 30 35 11
37 25 38 22 27 4
23 16 31 32 13 9
19 11 38 9 8 37
10 16 4 6 13 14
31 19 15 32 30 4
8 31 2 6 27 31
39 7 18 10 4 10
20 10 32 38 14 34
13 7 4 9 1 27
11 18 20 24 5 28
11 17 14 24 7 28
36 24 33 8 30 28
17 37 28 5 15 34
27 9 4 3 15 32
37 26 28 2 14 26
1 32 18 4 30 21
27 29 18 11 8 21
35 21 9 28 30 32
27 18 22 7 35 4
14 26 8 11 18 34
24 34 15 13 23 34
7 4 35 30 12 23
9 32 33 28 17 11
32 24 6 35 17 35
25 35 34 22 28 13
26 4 32 31 1 31
22 34 6 10 12 18
32 16 7 29 35 8
39 22 16 22 29 13
22 30 39 17 35 15
40 3 32 8 34 25
23 2 24 3 36 39
30 34 19 4 1 9
13 24 17 4 3 38
25 32 29 20 18 15
22 12 9 39 13 15
3 2 7 35 20 35
37 5 2 15 32 4
3 35 19 35 28 18
11 19 19 34 14 4
19 38 20 39 5 27
6 15 38 30 11 24
31 18 9 12 13 20
1 12 40 38 5 8
25 6 35 15 14 4
5 1 34 10 11 38
9 5 29 9 19 5
5 23 23 36 16 9
12 29 27 3 37 10
16 1 3 29 39 34
33 40 31 26 8 18
2 31 25 32 26 7
10 31 40 17 29 11
27 20 30 5 30 14
6 26 7 25 33 11
5 30 1 33 33 4
30 2 11 26 21 34
31 11 6 30 22 32
31 21 28 17 21 15
28 5 38 36 5 15
3 2 8 40 13 40
28 11 17 29 34 31
12 19 34 22 13 4
24 20 36 28 5 39
33 7 27 28 37 28
35 36 33 38 22 1
18 40 7 8 27 21
39 1 6 14 16 4
10 20 27 9 30 36
22 1 12 32 20 31
38 35 29 5 13 2
15 8 36 7 23 31
35 26 38 7 9 12
8 40 22 2 22 20
35 33 32 18 8 21
6 4 6 16 21 11
12 4 8 6 3 11
23 11 11 13 33 40
2 39 6 15 6 37
27 26 9 22 13 40
39 35 31 33 20 34
1 40 10 7 21 6
12 3 26 29 24 23
38 2 22 9 16 19
11 4 19 36 33 29
28 16 11 14 27 40
22 35 18 23 10 2
11 25 2 18 39 22
32 40 38 21 33 29
38 14 19 28 36 40
32 28 11 39 24 23
17 3 17 16 22 7
6 9 1 16 6 29
16 27 7 30 40 20
19 15 35 15 12 31
38 5 38 34 33 32
18 12 13 21 3 35
4 6 30 32 29 1
3 9 14 10 8 3
15 27 9 10 32 21
20 23 30 21 3 36
18 20 39 36 6 16
28 24 27 31 39 35
36 1 24 12 24 11
20 32 33 39 31 5
3 19 29 29 19 6
34 10 26 20 25 14
29 5 19 13 12 25
18 10 28 38 25 26
38 14 29 7 33 21
38 1 37 23 20 20
15 38 15 23 31 5
38 36 11 13 6 18
2 24 33 23 38 13
15 16 9 18 1 7
16 29 25 24 34 31
39 14 11 38 5 32
16 9 22 31 7 27
2 36 37 17 29 4
40 3 3 32 20 36
27 6 34 25 31 38
17 14 10 31 1 28
28 1 31 16 12 7
16 10 11 1 23 3
17 23 9 10 22 34
1 15 38 34 23 24
31 28 39 24 12 29
9 15 5 1 1 39
33 39 36 24 29 3
2 25 40 36 11 2
26 5 27 3 31 32
40 36 24 11 19 34
12 34 22 32 25 15
10 19 37 37 26 4
7 11 28 23 19 31
19 30 11 20 26 17
7 37 16 23 39 37
21 3 36 10 40 23
12 11 10 35 17 13
32 17 4 6 36 1
40 23 23 40 12 13
9 37 5 1 38 24
20 18 19 1 34 39
4 10 19 20 22 21
14 26 35 4 40 30
17 38 23 6 15 19
24 38 17 31 39 11
14 29 20 26 40 2
36 15 23 6 5 35
23 8 21 39 32 24
3 7 40 31 6 14
9 9 5 26 2 34
22 37 17 33 5 10
16 39 15 34 37 35
38 14 32 22 28 11
33 29 18 8 1 21
15 10 18 7 34 40
28 14 15 40 12 8
6 3 16 35 32 35
40 14 10 21 2 2
33 25 30 29 6 32
10 8 31 11 36 22
29 3 21 29 38 6
28 21 28 8 30 8
24 24 37 9 27 32
40 22 15 1 17 11
3 18 34 36 20 37
34 33 9 31 3 12
28 14 33 11 23 12
5 14 33 18 20 4
1 30 2 15 39 39
4 1 19 33 23 10
8 35 26 31 39 40
14 40 32 19 33 5
36 4 31 22 7 32
19 40 24 29 31 13
2 14 12 13 2 17
1 13 40 4 6 1
34 23 13 19 4 25
31 34 16 31 7 19
14 37 23 21 30 34
37 7 22 35 3 25
7 20 17 22 25 18
33 6 39 4 3 6
17 34 7 30 3 36
34 34 21 36 23 19
2 3 38 34 3 5
38 4 22 22 20 8
18 3 18 22 1 25
20 5 1 31 6 13
2 17 5 31 16 9
30 30 16 13 13 24
1 15 30 4 35 37
37 17 38 27 30 8
16 5 26 4 15 29
3 9 14 11 21 34
35 29 18 2 14 7
14 11 22 20 14 29
28 24 7 17 34 19
26 18 31 27 24 21
24 28 33 35 35 19
26 19 27 23 23 6
10 27 15 18 5 12
25 10 22 23 33 28
14 11 8 36 8 2
35 25 39 2 18 34
13 21 23 14 40 19
23 11 17 16 38 17
37 15 28 6 5 32
15 40 32 21 1 22
22 16 25 35 22 21
13 15 40 27 13 26
33 26 40 32 21 40
28 6 39 39 5 38
17 3 4 12 3 32
32 28 33 1 19 28
12 8 2 36 24 36
40 9 29 10 26 4
23 27 24 3 30 32
25 31 8 24 23 27
22 40 19 35 36 7
3 19 22 32 1 5
4 3 23 23 13 23
35 10 5 5 15 8
14 24 35 39 31 10
23 26 8 21 40 7
16 19 32 9 34 2
24 30 29 25 15 32
19 30 2 35 6 9
8 18 36 5 17 13
9 7 9 28 21 6
32 8 19 3 32 18
37 32 34 14 24 26
32 16 21 33 2 37
25 10 1 11 14 38
19 17 36 17 28 21
12 25 10 15 40 13
2 14 23 28 17 39
25 27 40 21 24 9
29 35 33 33 28 28
36 18 33 25 32 2
13 35 5 17 8 31
30 14 3 36 15 10
17 30 36 9 18 18
36 14 14 5 35 9
37 9 40 26 4 35
8 1 14 14 29 17
18 30 2 24 29 37
10 32 11 30 29 20
9 3 13 40 6 38
3 14 7 7 9 27
29 36 36 10 17 6
36 1 15 20 27 32
2 37 36 36 23 37
27 36 38 7 18 17
39 38 16 38 10 37
20 25 18 13 38 7
23 14 24 17 17 7
9 15 36 26 12 33
20 35 6 35 25 25
16 31 21 25 31 13
30 6 38 34 28 32
19 19 39 18 34 14
29 6 28 25 31 39
24 18 12 17 30 16
33 16 27 2 17 37
29 10 14 10 22 27
22 12 25 7 20 36
28 27 34 36 29 26
33 12 23 13 34 38
12 4 2 33 14 2
36 30 19 37 27 30
15 1 12 24 34 34
29 3 24 18 14 17
30 1 28 13 13 39
10 12 7 13 29 35
37 9 7 30 18 14
6 14 17 33 27 36
10 12 10 35 23 37
18 25 20 33 13 30
25 12 22 37 20 24
19 33 40 11 10 8
23 21 2 11 1 30
19 17 34 39 14 17
1 38 23 19 7 5
24 37 24 19 39 26
13 24 12 6 19 9
22 9 33 2 32 23
18 26 15 18 33 18
22 24 28 10 3 11
27 31 16 32 3 25
33 28 1 19 29 37
22 25 26 39 25 15
14 40 1 37 40 20
27 17 31 13 27 31
6 30 24 1 16 34
16 18 5 33 6 19
2 12 31 29 24 24
24 14 9 11 28 21
10 37 26 10 6 3
25 37 2 34 3 34
35 4 17 16 36 23
31 6 39 35 9 9
5 9 1 32 9 16
5 11 36 34 18 26
28 24 3 9 16 10
24 14 7 10 26 27
3 29 24 9 10 27
28 37 28 35 1 19
29 2 20 23 21 1
35 20 28 30 18 18
25 15 11 28 24 35
28 17 23 10 17 19
37 20 12 30 29 8
36 31 25 27 1 10
4 40 35 10 11 5
40 23 39 23 16 29
6 28 20 18 8 33
7 20 40 19 15 16
20 35 19 19 35 7
23 13 37 19 20 19
13 7 24 18 26 1
10 20 38 16 24 10
30 29 39 40 19 1
6 4 10 14 39 16
26 4 30 15 34 23
18 25 16 38 23 28
4 11 35 31 5 18
30 9 36 36 7 30
37 16 22 26 3 29
17 31 22 6 38 2
39 8 24 15 36 30
37 19 2 31 21 32
3 29 14 19 17 27
33 10 12 39 30 1
2 29 7 22 18 30
33 31 33 34 36 19
15 34 40 29 12 38
39 35 21 8 33 4
27 22 11 18 19 1
26 9 32 10 37 13
40 37 38 26 23 14
14 11 39 14 38 38
4 14 14 24 15 24
35 27 1 3 18 32
22 24 31 18 27 39
23 27 15 40 22 11
23 11 10 25 32 27
23 36 39 25 29 16
22 13 29 10 11 18
19 29 30 29 40 36
13 8 16 37 11 23
15 23 15 32 21 29
38 31 15 32 37 26
1 30 24 1 1 14
35 24 19 19 10 15
19 26 21 15 22 3
27 23 40 2 11 7
29 13 18 30 26 24
38 10 5 32 10 23
30 11 36 8 8 4
7 31 33 28 1 9
25 34 32 17 30 21
14 20 27 19 15 32
37 13 39 21 14 27
33 5 28 1 9 29
30 8 13 4 33 23
38 22 10 33 25 36
14 11 3 33 10 13
9 29 31 29 32 1
33 21 35 10 4 28
11 26 14 38 14 27
15 7 15 35 19 10
13 25 31 23 24 21
3 35 11 10 11 21
39 40 28 24 35 1
20 19 28 8 19 33
19 3 8 29 3 14
17 27 18 15 29 17
7 25 3 37 9 24
22 20 5 3 22 27
4 6 9 10 37 2
18 37 34 18 20 5
33 26 21 35 7 11
5 35 39 11 23 37
21 40 30 36 6 22
14 14 10 39 14 21
30 34 14 11 35 30
15 6 25 11 20 22
9 16 13 32 28 20
11 24 23 39 15 29
12 8 39 22 11 6
21 26 20 8 17 30
10 34 2 34 7 22
13 33 14 25 16 37
15 26 3 39 10 17
5 8 12 37 5 23
38 3 16 28 22 9
23 24 37 27 6 14
5 16 35 34 37 10
23 23 5 16 23 27
13 4 30 25 12 5
8 1 33 29 5 37
26 21 12 34 22 22
32 7 18 9 10 12
17 29 4 1 19 10
3 24 12 33 34 18
2 10 24 29 23 26
19 6 37 25 33 20
5 2 13 20 12 7
26 32 38 12 26 2
32 8 26 18 23 5
9 14 2 34 5 3
11 27 2 27 21 13
36 8 7 2 18 40
26 20 35 6 25 22
25 17 34 12 34 3
18 3 33 13 22 21
39 4 29 31 38 3
13 26 12 8 32 20
8 28 31 9 21 22
27 18 31 16 22 1
24 10 11 3 16 23
33 25 7 31 8 3
9 18 9 28 19 22
17 21 12 25 11 39
1 13 30 27 38 3
5 30 6 24 3 4
28 20 5 36 25 13
17 22 27 11 21 30
28 16 18 33 30 21
40 13 20 31 31 18
19 38 22 9 2 14
29 16 4 36 1 29
37 8 26 37 18 13
13 7 31 12 20 21
7 35 3 26 21 7
28 16 17 38 26 25
22 40 28 25 14 14
3 30 38 30 21 38
19 36 1 19 12 6
16 35 15 37 21 8
22 25 13 10 8 30
18 22 13 38 29 7
2 5 11 17 25 35
18 25 15 21 17 7
14 22 6 33 39 17
17 17 12 14 32 2
1 9 15 7 5 39
39 16 21 19 27 30
35 4 24 7 29 20
21 18 28 20 23 24
8 1 20 5 17 31
37 30 24 28 22 32
19 23 2 2 2 11
7 9 9 11 27 28
2 18 7 38 1 2
21 33 39 24 26 20
27 15 25 14 32 5
3 14 6 28 7 27
18 19 16 6 28 33
19 3 2 4 12 18
40 16 4 21 3 35
35 7 38 22 5 26
37 12 14 31 22 31
28 31 11 4 18 27
36 16 9 1 11 7
38 27 13 36 36 34
8 26 37 10 4 22
16 9 40 17 4 34
6 31 12 17 17 23
14 6 5 20 13 22
6 23 15 6 23 35
8 28 27 37 13 2
2 7 30 20 34 13
31 39 10 14 20 8
40 13 32 16 23 23
37 40 3 25 16 35
26 16 23 24 5 12
7 9 3 1 14 27
19 36 30 14 24 12
31 9 35 26 11 35
14 22 27 22 4 29
7 24 36 40 23 25
16 5 40 32 12 1
30 2 36 33 21 27
3 16 36 2 15 10
29 12 9 33 6 1
2 29 23 12 34 6
36 4 27 33 38 4
31 34 9 33 39 37
38 38 19 24 29 23
26 39 23 16 37 2
32 11 18 7 8 33
12 6 37 21 2 37
17 2 39 7 17 25
34 2 34 39 2 25
7 33 2 25 26 16
13 28 17 34 32 18
31 4 10 7 16 28
22 29 35 17 28 32
19 17 37 14 18 6
39 20 10 25 1 8
2 29 2 5 7 27
4 7 5 4 22 33
27 32 9 27 13 21
21 39 24 9 12 13
24 21 3 24 36 5
40 19 33 12 19 2
19 8 1 4 30 23
12 11 12 40 6 1
17 4 18 3 21 19
6 25 36 19 38 31
29 27 7 12 6 19
3 33 31 5 40 38
24 11 34 13 39 10
24 36 12 34 26 29
21 39 38 19 37 30
25 4 29 26 27 12
29 30 1 31 37 3
8 19 7 38 30 12
24 39 15 22 16 32
20 19 25 6 34 25
24 6 20 14 25 21
17 39 4 39 16 6
8 15 2 40 31 23
38 21 4 30 28 31
36 20 35 6 24 23
2 6 19 3 10 24
28 14 10 16 25 2
8 30 39 29 18 33
19 28 36 16 13 30
37 28 18 22 22 31
5 31 38 1 19 29
5 9 20 4 21 30
37 12 31 25 15 6
6 2 22 8 16 20
33 29 35 40 9 8
40 18 21 15 38 13
17 22 26 27 29 33
15 37 19 26 39 1
19 17 37 10 37 13
9 34 37 22 20 27
36 15 20 2 8 16
19 35 16 15 4 12
29 2 20 8 7 37
34 27 4 12 37 6
7 15 3 39 20 8
34 33 38 16 4 9
1 29 6 25 23 2
8 34 12 15 19 38
29 4 9 12 4 26
26 8 24 16 6 37
26 37 39 6 4 30
26 3 15 35 1 19
23 18 20 34 14 39
30 11 25 10 15 18
6 34 36 39 8 33
15 10 29 25 4 15
27 15 40 14 37 25
24 2 15 24 34 6
35 5 34 34 1 33
8 9 6 33 13 37
24 3 31 2 36 2
28 16 12 30 27 38
17 8 36 34 31 9
9 14 4 27 36 23
17 16 31 28 35 1
40 26 29 40 15 14
16 14 11 25 40 9
10 6 36 25 4 4
37 4 8 19 19 35
10 9 19 27 2 3
31 8 32 15 15 39
22 5 37 24 27 10
14 35 32 36 31 3
28 37 18 40 37 40
25 8 10 16 5 19
30 39 39 10 37 35
33 18 37 2 38 2
24 37 15 9 16 35
37 34 20 8 32 36
14 39 25 7 10 18
11 16 36 31 3 22
4 2 36 12 1 10
24 12 9 23 27 23
7 14 24 12 37 22
12 28 24 5 19 1
21 26 23 9 8 10
3 5 17 4 25 38
18 33 32 34 26 38
15 39 4 37 36 13
2 37 32 1 32 18
19 24 19 34 3 10
21 2 29 25 22 37
24 23 35 15 29 12
10 4 13 19 23 39
19 26 14 12 22 21
38 36 16 25 12 27
31 11 13 11 20 38
35 30 34 11 39 31
24 19 3 28 29 35
1 17 29 4 35 37
25 14 17 13 17 23
19 16 27 5 16 7
27 12 13 24 1 26
19 24 13 33 3 1
25 36 14 11 19 12
29 14 15 5 8 34
28 39 10 3 39 27
17 38 23 26 28 31
20 38 14 20 11 37
23 21 16 6 28 7
33 27 34 21 2 32
28 16 21 31 9 21
6 38 10 36 37 32
8 14 40 23 15 17
2 35 14 11 21 29
2 17 9 7 11 9
15 37 24 20 34 8
32 2 21 31 26 26
9 12 6 29 2 16
25 18 25 10 18 20
3 32 13 25 38 39
32 8 7 8 15 37
36 25 36 27 39 32
13 4 25 3 29 16
32 12 12 3 39 35
13 9 36 21 22 23
26 24 12 35 37 30
28 27 23 8 29 33
28 23 32 21 18 39
25 2 22 1 2 22
33 5 36 28 15 25
23 21 9 40 14 2
16 18 23 26 34 21
6 32 19 14 24 6
7 24 27 39 24 36
8 18 11 10 17 8
2 38 29 2 8 24
40 1 26 17 40 40
34 16 5 15 14 13
5 17 32 30 7 3
3 16 8 26 40 12
39 7 4 32 38 2
22 22 9 13 15 25
9 24 28 29 19 20
9 22 19 24 30 17
7 7 19 19 13 22
20 15 28 36 33 15
16 12 22 8 24 27
5 27 2 35 25 5
15 20 27 25 19 29
33 17 38 32 21 13
8 35 4 31 37 14
21 34 17 22 23 23
16 15 27 9 32 40
36 29 34 11 14 35
28 23 39 19 14 29
35 31 8 18 38 19
17 18 21 1 1 7
3 34 29 5 13 9
20 32 21 29 7 14
5 13 24 11 7 38
37 34 26 22 1 1
22 40 27 28 39 18
15 26 35 32 30 39
15 34 4 23 17 11
20 28 20 20 26 38
22 5 22 23 29 12
32 29 32 21 40 26
39 27 9 29 10 25
19 34 18 2 26 10
24 25 23 1 9 8
9 12 28 15 12 22
22 30 3 20 35 25
25 18 6 16 19 18
28 10 20 17 32 35
