1000
25 2 31 30 15 6
46 26 45 11 6 22
15 16 26 35 12 5
19 40 17 14 8 33
3 20 31 6 31 3
5 43 46 27 44 45
26 17 24 13 3 4
45 32 15 9 23 11
34 17 32 30 9 13
9 29 46 28 26 50
43 24 1 42 24 11
14 12 11 11 7 2
8 4 45 19 27 32
42 14 12 22 20 41
9 37 37 9 18 1
33 15 12 8 50 46
20 50 44 28 6 34
36 17 6 5 26 9
22 13 4 39 14 40
11 39 29 8 46 3
47 26 13 18 8 8
46 17 32 13 13 38
47 13 4 13 47 6
2 12 5 9 32 14
19 7 19 16 12 29
24 28 14 40 10 28
5 1 7 18 11 14
20 7 12 37 41 43
29 20 12 37 22 15
39 46 26 25 3 2
10 14 3 15 34 27
14 1 48 28 3 13
39 31 22 24 27 44
18 49 38 33 49 37
36 39 46 42 43 29
20 20 23 48 15 47
36 39 29 44 22 26
3 29 38 31 42 23
17 17 16 12 2 17
16 46 48 45 35 8
39 3 2 14 37 23
38 36 43 3 11 22
6 47 48 31 48 45
33 19 29 33 24 26
1 25 41 7 6 24
45 5 28 38 46 9
21 21 11 22 26 7
40 3 11 27 22 47
10 11 15 30 44 15
9 42 43 43 7 25
42 41 28 23 19 22
33 3 7 45 8 20
15 29 25 2 40 1
41 49 27 17 4 10
30 41 22 44 39 27
44 48 26 27 32 46
1 15 36 15 48 41
33 42 26 26 38 4
2 12 2 30 43 10
50 42 2 35 24 43
38 33 6 22 13 10
13 34 11 43 6 48
3 36 21 9 13 24
22 34 16 25 48 43
40 17 36 2 35 29
25 23 14 29 24 15
32 39 39 23 26 10
46 39 43 14 3 17
41 45 36 17 43 22
13 27 6 26 20 11
39 22 13 7 29 17
41 14 50 7 11 33
12 2 49 47 7 2
33 27 17 12 49 40
28 3 38 7 22 21
4 47 4 28 6 6
32 40 18 34 28 17
29 40 20 31 32 15
41 8 13 45 37 30
41 6 33 14 10 26
32 33 5 43 35 2
24 46 47 3 35 39
15 38 46 47 44 40
43 38 50 31 24 45
36 43 8 47 29 37
9 7 49 5 20 50
6 34 27 44 48 17
14 2 46 21 28 29
44 38 13 30 50 32
23 22 18 13 43 35
12 26 11 39 27 3
26 46 43 1 45 30
14 5 11 27 39 7
43 40 20 28 46 27
10 21 4 44 34 39
17 10 14 23 24 45
19 38 3 6 5 9
11 47 10 3 22 5
19 44 30 11 29 48
1 3 16 36 49 18
48 26 47 27 46 5
48 41 30 6 13 15
41 37 39 9 49 20
25 1 18 32 45 13
31 10 20 8 19 21
30 9 39 3 24 25
11 13 17 14 6 20
42 2 31 34 43 11
19 46 6 42 43 37
27 8 38 7 2 23
24 4 5 7 1 35
31 38 25 4 13 35
10 31 47 30 42 45
12 4 19 3 23 27
23 44 47 47 27 45
3 18 30 44 20 16
19 10 6 29 4 32
14 13 1 5 50 4
35 12 25 44 23 19
50 18 38 1 42 32
29 16 5 4 50 47
29 1 48 39 34 11
41 29 24 36 16 37
42 15 24 23 15 7
29 43 38 13 35 27
38 34 5 40 11 11
25 48 17 11 7 29
43 8 25 34 19 37
30 18 27 45 4 42
12 21 47 4 11 31
19 42 21 33 7 12
35 15 11 39 19 14
26 48 47 46 27 32
4 13 33 2 29 46
4 28 2 33 31 4
23 8 43 46 16 32
40 37 19 38 4 33
12 36 39 37 48 44
41 5 9 26 12 25
33 19 4 32 49 6
12 4 42 6 16 30
41 34 5 24 17 13
18 45 1 4 42 33
9 47 15 18 39 2
38 27 49 25 27 41
10 7 47 26 37 11
4 16 32 12 18 34
9 45 47 41 31 45
5 38 10 42 37 11
18 41 9 8 29 46
24 40 21 1 28 46
24 11 16 17 34 2
17 7 49 35 15 49
30 33 45 20 33 3
33 10 38 42 9 10
30 15 48 7 9 47
38 1 42 32 43 21
32 41 31 18 42 20
28 24 39 19 47 29
28 32 10 16 32 32
14 2 10 5 25 10
8 40 38 40 18 24
9 50 33 27 24 29
23 24 20 20 28 18
1 45 5 19 46 21
49 18 50 30 30 33
34 16 40 36 26 15
14 30 5 24 16 49
35 30 10 46 42 41
8 9 18 39 29 37
19 42 38 35 26 31
18 47 50 27 11 33
12 6 8 45 39 23
40 36 20 1 33 36
48 35 42 8 37 12
49 20 10 27 15 16
23 4 24 21 39 39
39 14 28 22 17 22
11 42 1 15 1 43
6 34 29 4 4 15
42 45 2 15 23 39
37 27 32 24 15 32
11 18 43 39 31 7
20 35 16 14 24 26
6 39 47 11 23 19
40 35 36 22 35 8
15 44 28 9 14 50
4 7 4 49 23 7
18 11 22 39 19 8
8 34 14 49 42 18
12 42 49 12 35 18
44 30 13 46 21 49
40 31 33 37 32 11
3 19 31 34 32 6
32 28 50 2 21 34
15 32 10 50 39 50
35 47 23 9 13 16
11 45 3 28 43 20
30 49 22 45 26 22
22 4 32 17 22 10
40 4 44 5 28 22
19 25 8 12 5 27
43 5 4 43 16 28
35 8 27 40 3 23
20 40 5 23 1 34
34 7 22 8 35 12
47 45 30 18 25 20
23 34 22 1 2 32
48 1 9 29 27 36
5 13 5 15 4 5
19 15 4 2 25 11
40 29 40 12 6 16
40 38 46 24 35 6
35 47 26 28 15 22
46 25 7 6 42 22
34 31 27 43 26 35
17 10 27 46 20 32
39 34 11 14 31 29
28 10 8 30 18 10
12 13 2 23 30 1
17 19 35 6 6 6
30 10 20 35 30 3
49 37 36 12 22 40
3 10 36 33 31 8
15 18 11 23 44 23
3 38 16 35 18 32
20 19 19 4 7 31
29 5 34 42 11 7
38 29 40 32 23 29
31 10 21 11 32 22
42 11 31 14 49 31
39 3 9 6 14 38
49 46 43 36 32 48
13 24 7 39 33 14
50 40 28 32 1 29
29 31 34 32 38 18
29 22 13 32 13 39
3 12 17 11 26 18
43 37 24 33 31 27
6 2 7 16 1 48
1 20 19 33 28 48
33 2 39 25 46 24
7 3 49 22 16 4
27 6 46 16 26 45
23 6 27 36 26 4
39 33 26 39 16 41
50 2 43 37 43 7
32 26 2 32 3 40
23 2 41 3 44 32
45 50 9 27 16 42
42 24 36 27 12 3
29 8 21 25 3 37
25 11 4 2 43 8
47 46 40 4 33 10
18 42 37 2 18 47
27 8 39 29 48 7
17 30 22 3 37 48
29 29 33 14 1 24
26 15 48 32 20 15
45 37 26 31 9 25
40 24 43 42 8 22
4 34 46 12 9 15
6 47 19 43 31 35
37 14 34 15 49 27
44 44 8 47 44 11
29 6 28 38 4 46
15 10 41 10 12 35
6 18 25 49 48 1
45 25 37 15 48 23
1 4 18 38 8 5
27 44 17 15 2 14
21 22 15 46 10 4
40 37 37 15 6 46
32 27 17 13 35 46
41 42 2 50 39 33
22 22 33 33 13 18
16 47 6 17 21 41
5 19 50 29 10 7
26 27 41 29 31 15
21 32 46 41 9 13
29 42 27 10 20 9
47 37 9 19 32 3
21 42 6 19 35 47
34 11 28 2 26 20
39 7 48 34 27 40
21 23 43 26 43 42
2 10 28 39 47 24
39 50 4 30 17 42
48 10 37 38 44 35
7 15 20 45 37 44
47 13 35 38 38 7
37 43 38 1 13 36
44 19 17 31 22 18
23 42 17 2 16 28
25 43 29 16 7 12
12 20 35 43 27 5
6 25 14 49 47 19
4 50 46 8 35 28
49 39 16 8 11 14
27 25 29 28 39 29
36 33 19 28 6 4
20 47 50 19 49 25
47 33 40 44 31 49
28 47 33 6 13 31
30 45 47 22 42 6
46 41 14 20 15 37
13 44 22 43 32 38
10 47 47 12 40 27
31 15 18 1 50 10
25 21 29 39 14 3
21 24 37 49 20 14
14 45 23 22 8 38
7 8 46 4 19 29
38 4 1 21 1 22
43 9 19 18 25 13
45 18 7 41 14 32
30 17 45 9 9 6
47 34 19 31 14 21
10 2 37 41 41 41
21 16 22 10 48 14
22 40 34 35 1 5
29 32 1 46 49 12
42 47 49 16 31 9
46 47 40 16 34 1
41 10 41 6 19 5
25 13 34 47 50 9
26 5 4 24 44 31
26 33 47 5 45 50
17 26 1 44 32 16
6 50 9 35 5 32
24 41 31 31 36 40
10 8 39 17 24 32
24 22 21 29 27 33
2 16 35 28 29 46
4 36 17 11 41 37
19 27 46 43 4 24
16 31 40 25 46 9
33 46 21 50 50 4
32 19 26 20 19 5
9 2 1 13 14 8
47 2 20 34 19 15
37 46 1 2 14 38
19 28 20 40 43 5
9 33 40 24 17 11
41 13 8 31 33 27
45 27 43 34 16 19
39 31 38 43 43 35
4 19 35 34 32 25
29 17 26 40 37 2
24 31 4 36 32 16
48 19 39 19 31 1
34 28 3 45 23 42
5 21 31 33 21 50
39 40 31 41 25 47
29 6 46 45 17 18
46 28 5 1 31 21
34 28 38 50 31 37
25 7 4 44 31 34
12 36 24 30 46 39
13 30 24 20 3 42
39 4 5 22 36 20
4 48 8 21 16 26
2 2 15 22 12 33
30 24 6 47 10 40
20 20 11 3 19 39
27 31 42 28 1 40
9 46 19 47 33 29
34 9 27 4 29 41
16 2 28 9 50 19
40 29 21 34 25 37
34 34 36 15 24 16
38 10 25 9 21 1
28 10 31 19 11 34
2 3 34 49 25 40
32 21 20 49 27 26
30 2 46 30 42 8
27 45 36 12 12 38
25 38 26 12 3 12
44 25 47 26 50 29
44 48 34 49 46 49
43 18 22 20 42 7
21 35 9 1 49 9
8 38 4 3 43 22
9 23 35 23 20 34
36 31 37 6 28 44
7 47 33 50 18 28
34 49 38 28 6 14
35 42 4 33 10 33
18 36 25 31 42 4
25 22 47 50 13 13
12 3 20 1 46 12
10 47 44 45 8 44
35 1 44 39 12 27
10 8 47 26 26 41
44 40 14 2 4 17
23 20 31 4 38 17
31 30 6 46 37 32
13 5 31 43 29 2
28 36 14 42 44 3
31 2 38 3 8 29
37 43 25 19 2 34
12 47 26 25 36 50
12 47 49 37 37 26
36 30 9 8 5 27
32 11 4 8 6 40
23 12 29 40 9 29
31 7 6 14 14 10
10 49 21 17 1 14
24 18 4 16 41 11
46 20 49 11 16 27
35 30 29 41 28 8
31 10 36 24 16 26
34 33 15 17 50 40
29 37 20 19 29 6
32 1 12 18 14 14
20 22 4 35 40 42
21 33 30 36 40 30
37 15 6 18 14 43
15 10 19 12 39 7
4 34 45 25 21 16
31 26 46 43 17 10
23 13 9 27 45 13
42 16 39 11 16 37
16 12 30 7 3 5
31 26 7 31 29 29
42 22 4 26 28 32
19 38 43 18 33 32
21 2 22 26 36 46
10 43 15 48 28 42
38 41 40 27 19 12
19 35 2 33 26 42
39 27 43 32 46 49
19 7 23 43 36 34
1 12 44 5 47 5
47 26 23 20 39 15
40 35 41 18 22 17
44 12 6 20 44 5
1 45 40 29 26 23
49 35 28 6 36 4
17 5 4 23 37 41
50 26 31 42 21 18
36 35 20 18 18 16
48 2 46 14 21 30
37 39 37 22 24 31
18 48 27 15 8 2
31 31 6 16 50 42
16 48 46 12 29 37
45 5 19 22 25 34
34 19 14 15 2 9
47 44 18 40 50 41
46 22 37 43 4 34
25 21 9 15 19 26
23 46 14 12 50 44
43 30 29 8 30 48
9 22 34 42 49 1
17 7 48 44 33 10
32 25 50 12 38 9
30 47 2 43 47 3
21 11 1 22 43 14
50 9 10 28 10 46
42 28 28 33 41 15
20 4 19 27 24 36
33 25 25 22 2 29
33 15 13 20 46 8
27 26 20 46 19 24
23 5 50 19 50 27
32 13 8 38 45 33
4 10 23 48 38 44
18 1 37 6 12 28
7 24 30 37 36 19
33 4 13 42 9 32
16 24 49 14 48 41
7 5 35 14 16 16
16 46 11 5 30 40
7 28 15 12 4 39
7 4 16 27 29 12
24 27 1 11 28 20
13 1 32 2 19 38
11 46 31 28 20 45
44 29 9 23 16 43
30 32 26 43 7 39
2 46 22 14 25 10
37 35 5 16 3 6
45 25 19 41 24 33
34 11 39 24 44 29
31 4 35 4 2 42
32 26 38 21 28 22
28 1 10 6 40 26
30 12 45 25 35 16
14 48 48 17 30 34
21 4 38 19 12 22
42 39 6 19 38 18
11 20 48 20 18 10
24 33 10 26 40 9
6 16 19 40 37 49
23 22 30 10 48 20
50 36 23 35 16 22
23 12 7 2 37 48
13 29 2 43 4 37
7 36 25 50 21 15
19 28 18 5 40 50
1 25 34 3 23 34
1 3 17 28 44 48
29 44 40 33 12 11
9 22 48 16 4 35
3 37 38 44 9 50
50 48 33 42 39 17
46 40 32 41 39 27
17 44 36 40 15 35
17 49 47 2 3 10
12 13 35 36 11 39
8 10 44 39 13 21
9 8 49 33 4 13
50 39 36 35 14 6
5 39 24 6 26 21
38 23 19 43 3 21
16 22 42 45 34 23
35 38 20 50 37 49
49 32 40 34 50 18
33 36 21 5 17 41
39 3 37 19 19 18
29 30 20 22 7 13
48 11 47 23 5 14
14 9 19 42 46 11
27 13 3 34 48 34
42 5 26 9 2 19
38 23 44 8 41 34
17 26 19 34 29 26
8 4 32 46 23 2
22 28 1 40 28 28
42 24 20 2 27 13
3 3 23 26 13 5
42 36 5 25 43 26
22 1 9 42 5 21
11 10 24 16 34 32
47 13 16 26 44 43
22 43 17 15 44 12
19 26 50 35 3 23
31 23 30 1 35 8
2 12 17 9 39 48
4 16 41 28 1 39
48 30 24 41 36 4
36 41 47 44 42 1
2 31 22 20 33 22
7 18 21 44 40 10
11 46 7 47 37 29
29 45 7 44 41 41
20 1 34 34 43 38
46 50 25 49 39 25
16 29 44 15 25 17
17 46 24 6 49 4
34 14 18 15 36 23
9 43 4 33 32 48
3 19 46 4 16 12
5 33 8 46 40 50
23 8 18 46 12 16
26 3 39 29 36 38
14 32 28 23 46 32
13 47 43 20 33 29
16 36 34 46 9 7
5 35 2 7 9 5
19 11 26 14 29 12
18 5 27 11 19 43
5 43 2 46 24 27
17 28 32 12 19 12
23 22 31 10 31 46
37 22 34 6 31 44
25 15 31 34 23 47
22 5 25 20 22 3
28 8 14 45 26 19
40 37 15 45 37 26
6 12 27 22 5 14
2 30 41 14 22 49
29 48 42 17 1 28
49 18 39 19 12 41
21 18 33 30 9 41
39 35 30 1 17 10
25 4 25 43 15 17
45 29 6 39 21 25
38 23 48 35 37 6
49 43 35 39 17 33
16 9 2 39 12 44
41 23 28 13 3 14
29 28 21 23 5 28
19 9 38 17 29 42
36 48 28 23 17 26
37 41 46 16 9 40
35 38 9 28 37 36
47 24 45 27 18 11
42 12 25 46 45 24
34 9 13 48 45 50
14 1 12 36 15 6
43 25 14 14 2 31
9 42 2 25 42 45
43 48 4 44 47 35
43 26 4 35 42 32
40 6 17 21 20 3
4 34 8 7 47 41
49 19 8 13 49 3
33 8 33 19 18 37
47 15 29 23 31 21
31 44 50 14 28 19
40 30 14 33 15 48
36 40 37 19 28 37
49 2 45 38 39 24
21 44 21 15 13 48
45 32 7 17 49 4
25 1 36 11 5 3
11 43 34 20 33 40
17 26 29 47 9 26
40 26 43 29 26 9
25 22 19 50 10 18
20 2 27 31 3 14
17 17 44 20 25 36
40 32 43 33 7 38
14 12 15 37 20 32
49 50 20 9 8 40
20 41 47 42 28 10
42 46 12 46 8 32
18 40 35 7 16 32
45 49 35 44 3 16
27 16 8 27 23 15
21 7 28 8 20 33
40 28 20 40 16 46
20 1 46 39 38 29
25 18 33 49 43 25
36 35 41 39 6 12
14 37 50 16 11 20
24 47 25 45 43 18
10 5 1 44 21 46
43 31 43 23 41 14
35 44 46 30 25 45
31 36 21 41 35 21
14 30 12 18 28 23
43 22 39 10 1 27
3 13 11 1 26 5
3 14 30 14 41 5
6 17 37 7 16 45
42 27 28 50 2 29
31 31 43 42 42 35
44 35 6 43 29 35
43 23 44 42 35 28
47 28 16 37 6 36
13 11 30 41 7 3
4 11 21 15 11 25
44 40 23 42 44 17
29 28 7 43 1 5
11 34 9 33 35 7
17 49 31 15 32 30
15 8 44 50 3 10
10 21 50 31 31 46
18 16 36 6 49 5
43 4 1 8 5 19
39 27 6 8 25 15
22 40 1 4 46 6
14 20 11 45 24 22
22 6 38 3 10 44
47 37 37 29 49 36
1 22 6 17 6 12
39 9 15 7 31 13
18 27 22 6 12 20
25 9 19 36 8 16
41 7 31 32 47 35
48 13 29 48 7 3
8 25 11 47 11 25
15 35 41 1 45 39
23 13 49 8 3 25
37 37 15 11 42 21
15 41 3 6 12 39
41 17 45 35 40 24
5 22 14 40 21 4
36 41 48 7 31 21
28 7 12 25 16 7
14 39 33 50 34 11
47 34 39 22 36 31
34 40 16 35 33 50
50 28 43 8 19 39
1 46 33 26 13 27
5 22 30 8 20 10
20 15 15 5 1 42
3 30 12 48 33 43
6 27 38 14 24 31
20 43 22 23 46 31
11 40 3 5 24 20
33 26 1 45 31 46
38 38 9 11 17 10
20 45 13 13 47 11
30 41 5 8 3 12
46 35 34 11 44 5
29 26 26 37 26 5
43 18 21 26 47 43
24 27 18 8 1 37
10 44 7 13 19 3
17 24 19 45 36 37
45 11 33 28 5 40
12 45 42 35 36 21
39 8 21 19 33 25
29 33 45 37 2 24
38 23 10 16 29 5
12 2 22 16 40 4
31 16 32 13 18 28
46 32 32 23 5 32
33 39 16 30 18 11
21 14 27 3 7 42
9 7 47 38 47 27
2 17 3 16 3 11
47 47 48 14 34 29
45 41 26 27 29 17
48 8 40 43 1 39
20 21 33 15 2 8
22 43 16 17 19 7
25 43 50 43 1 35
50 43 2 43 18 4
30 47 27 20 7 6
29 22 37 23 14 35
7 20 14 45 44 19
5 43 26 8 46 28
20 47 6 36 8 45
4 31 24 46 26 7
44 13 29 14 28 39
5 31 31 28 49 36
23 11 41 46 27 19
42 20 29 49 11 39
4 2 4 42 25 33
41 31 15 11 39 49
4 16 10 41 47 25
3 44 34 13 36 33
7 2 22 12 6 14
14 6 44 50 37 25
16 3 5 23 28 7
29 16 26 20 14 25
32 40 48 23 15 45
48 6 29 32 6 8
8 11 35 1 46 49
3 41 26 46 8 41
26 34 33 8 49 41
38 18 41 50 13 1
25 26 37 34 31 20
45 22 32 29 19 12
7 30 18 26 14 24
17 30 47 12 15 19
1 35 10 5 5 48
10 6 38 25 38 10
48 32 47 49 19 13
25 46 1 38 43 48
14 12 41 1 19 7
27 33 37 16 25 17
25 6 45 33 44 17
39 3 17 18 50 15
3 36 29 2 36 36
1 35 30 22 44 26
18 17 34 34 29 28
16 2 20 17 38 37
44 11 47 38 27 31
19 29 30 45 3 42
37 45 42 12 36 33
2 29 9 19 16 20
21 12 10 30 19 5
28 20 46 39 45 13
15 28 4 3 19 6
34 1 20 30 1 14
3 39 46 37 30 25
2 6 36 35 6 21
11 7 29 41 29 19
2 40 16 47 43 38
3 15 18 35 4 41
44 37 2 22 50 20
3 49 48 36 49 26
35 11 18 42 41 19
41 19 44 44 38 5
45 4 22 28 6 24
16 38 31 13 16 6
20 27 3 20 2 37
49 5 20 18 47 40
43 27 33 7 19 35
29 12 27 3 7 11
8 34 3 14 12 16
44 4 15 1 7 38
37 17 8 38 4 20
11 15 17 47 3 19
8 31 32 32 26 39
21 4 8 20 20 27
13 1 48 29 21 29
31 10 38 7 22 4
21 2 23 24 50 15
25 25 41 42 6 14
23 31 19 5 26 45
27 42 1 5 44 36
28 40 36 28 11 18
19 49 21 11 8 5
43 20 43 40 25 33
27 8 6 29 21 8
10 47 9 28 46 34
41 31 15 7 35 23
46 16 12 11 24 37
13 31 5 22 23 7
20 12 20 33 17 14
7 14 4 21 17 27
9 1 6 48 14 45
15 48 37 8 20 5
17 6 14 36 14 30
32 43 2 8 26 36
22 21 26 6 46 34
38 5 29 46 28 23
12 47 12 44 31 6
16 19 43 30 48 8
2 48 49 8 27 6
44 6 2 2 16 3
34 19 18 20 26 36
6 14 1 3 29 1
34 13 20 38 26 12
7 7 12 42 1 4
36 47 16 6 26 27
34 7 29 41 13 28
13 34 18 23 32 3
37 2 1 1 11 32
22 34 47 19 45 44
4 39 41 16 1 33
24 1 48 46 37 45
1 27 9 27 45 12
3 5 7 3 14 30
17 21 50 28 19 31
38 36 3 31 33 38
42 21 1 44 50 15
32 48 17 2 8 43
9 6 26 20 49 39
45 20 34 5 25 47
21 31 7 38 31 34
32 42 15 13 21 3
49 25 38 50 41 32
44 36 24 42 5 47
30 8 4 2 23 37
19 12 37 3 5 2
24 50 19 28 3 12
37 8 28 11 14 15
10 33 11 29 36 21
45 19 12 34 29 10
25 18 40 12 39 34
29 41 23 39 36 39
12 2 13 35 9 12
31 23 15 26 41 28
44 12 44 40 40 13
5 31 40 33 42 29
22 29 50 17 45 4
16 30 10 30 34 10
12 42 25 16 34 36
31 26 50 20 29 44
6 29 41 21 8 2
18 1 45 7 39 16
15 3 21 42 4 46
47 40 27 50 11 37
17 27 25 7 1 37
9 33 8 42 8 35
4 35 39 11 47 32
20 5 8 16 20 2
39 8 8 5 34 37
37 43 28 19 11 11
39 9 45 12 2 50
23 21 21 2 42 3
46 37 19 6 22 5
32 25 24 50 12 3
2 16 18 18 19 3
21 33 8 41 35 13
30 50 20 17 12 45
28 29 34 32 4 42
10 49 15 34 8 20
49 48 8 11 28 12
29 15 32 21 39 9
40 39 49 28 9 3
21 30 29 29 23 34
31 3 1 1 29 26
22 30 32 22 38 16
25 18 44 41 42 13
3 32 25 42 33 25
11 42 20 34 13 47
36 46 25 46 41 20
26 23 3 9 24 7
10 10 14 35 41 23
33 21 24 16 14 7
49 31 5 26 47 21
30 11 5 3 29 4
2 12 41 29 34 29
20 24 22 44 42 19
9 42 26 34 21 10
2 9 5 6 45 43
29 8 5 26 28 22
14 21 31 24 22 16
46 19 38 8 7 41
15 31 25 11 44 7
15 30 24 17 35 3
45 25 19 1 49 46
7 4 11 4 44 23
2 1 23 21 11 49
29 43 14 46 8 48
8 34 4 12 8 36
39 8 3 28 19 11
40 25 23 38 21 46
37 32 31 42 39 12
9 2 29 27 19 41
20 44 34 31 46 50
2 34 19 13 20 6
48 31 40 26 17 14
48 22 6 32 11 43
10 50 41 24 24 24
44 5 15 17 48 12
47 49 18 40 15 23
3 46 45 15 17 38
26 26 1 45 38 47
12 27 47 14 32 3
41 46 37 10 28 2
12 21 5 39 42 31
12 32 7 6 45 44
7 50 22 16 38 8
38 40 24 43 32 28
17 31 6 48 30 40
2 21 33 19 45 39
31 28 11 35 20 33
16 35 1 14 14 3
14 20 14 50 3 37
5 41 12 16 49 19
2 26 42 5 7 24
12 33 1 20 31 39
23 39 1 10 2 25
13 27 41 31 34 29
42 15 6 31 29 50
16 35 46 25 17 1
11 26 3 41 41 49
26 14 49 31 11 33
13 12 19 13 26 3
26 5 31 12 47 23
6 31 22 1 42 35
30 47 14 47 43 27
15 37 19 10 9 4
38 46 37 35 37 23
29 9 17 12 10 3
36 50 27 39 34 30
42 9 21 41 14 10
31 45 18 41 39 19
37 19 8 43 31 39
26 7 34 11 31 43
48 29 14 11 39 25
8 1 30 27 31 22
23 48 3 16 5 1
2 25 27 39 21 34
8 24 18 14 34 46
12 9 22 11 31 42
13 40 14 40 43 26
33 50 27 19 50 20
19 50 7 44 4 32
33 22 4 14 28 21
24 50 7 23 35 48
7 32 6 3 41 15
22 5 38 28 49 7
23 42 36 46 39 6
8 34 31 24 21 7
35 28 11 40 48 40
39 37 45 16 34 38
44 17 26 37 1 20
7 16 3 5 39 38
4 23 26 32 6 1
50 28 25 6 6 9
46 50 13 23 26 27
20 28 3 32 34 10
25 45 46 20 7 45
39 29 38 7 42 1
20 11 11 32 25 36
32 34 38 17 9 30
44 34 25 42 28 1
1 32 29 9 20 10
25 10 37 36 33 11
10 1 1 37 18 4
5 27 1 25 26 7
47 6 4 18 20 25
42 44 4 14 19 21
8 17 36 38 4 15
18 3 44 14 41 42
4 25 47 20 16 39
30 10 38 27 17 41
43 47 42 3 10 23
33 40 6 32 28 19
19 41 50 49 14 24
27 6 15 48 8 38
48 31 10 38 24 20
14 44 15 45 50 23
35 41 38 26 12 12
15 17 42 29 23 40
42 36 15 37 5 48
5 25 6 35 11 37
13 34 44 2 5 45
10 5 19 5 8 32
27 9 49 6 48 39
3 27 25 44 5 4
22 44 17 23 37 39
15 45 26 43 39 17
43 12 14 12 29 36
27 9 42 40 3 4
32 44 29 7 21 12
25 36 48 47 12 30
47 5 41 37 14 48
32 45 47 41 38 39
