1000
29 26 44 38 23 28
41 6 40 47 54 5
24 18 25 40 52 49
38 53 55 22 20 13
9 26 7 33 36 16
38 14 34 28 33 44
6 19 37 18 54 19
30 9 57 12 17 38
5 21 58 51 5 9
50 18 19 45 26 7
21 32 26 31 49 17
32 40 60 47 60 15
19 52 44 51 35 11
33 6 23 31 55 11
30 59 28 17 57 29
57 8 15 54 29 58
42 20 55 55 15 12
41 41 22 4 37 7
23 18 6 37 3 48
2 44 19 19 11 46
30 52 15 59 14 9
48 4 11 13 41 18
11 26 49 43 7 11
15 26 6 35 26 1
13 35 38 9 11 18
24 33 47 23 51 59
1 14 12 45 41 33
22 5 43 31 44 35
43 42 26 51 27 19
32 5 46 29 4 57
7 3 4 46 31 1
58 19 42 19 4 43
22 41 24 41 17 24
48 34 47 36 3 48
6 32 52 14 55 42
3 21 29 55 54 51
5 36 46 54 37 33
28 6 29 38 3 58
3 28 57 9 53 51
28 2 46 40 50 50
33 2 54 39 37 7
15 57 25 25 48 42
37 21 53 36 39 57
23 11 2 5 16 37
39 27 27 8 3 17
42 2 8 23 31 25
8 5 45 41 24 46
37 8 49 44 55 46
56 46 26 57 24 27
4 30 14 4 5 34
34 21 8 20 46 39
14 7 49 22 23 56
5 50 32 12 35 15
21 10 25 10 57 28
9 15 43 34 2 58
13 36 58 7 58 23
3 58 37 50 18 7
54 11 11 29 27 35
6 9 17 22 47 36
35 32 50 32 27 22
57 40 27 56 3 4
10 48 4 4 12 48
50 22 34 18 43 5
10 4 56 21 38 38
15 33 10 12 22 4
35 48 9 53 48 58
48 12 35 40 44 43
56 38 8 2 25 51
11 44 58 11 6 31
47 20 53 53 1 53
39 49 34 8 13 27
36 43 11 27 50 1
48 35 16 13 58 6
4 31 16 2 20 25
2 13 16 37 46 30
33 51 58 49 8 13
38 12 10 15 18 9
42 55 39 27 35 5
50 27 8 52 35 11
50 47 1 60 44 4
16 23 46 31 25 28
15 37 53 43 3 15
4 41 23 33 4 21
40 7 28 24 4 2
7 21 51 11 12 8
10 32 12 54 19 46
22 17 4 44 13 44
40 46 49 1 24 59
46 30 8 38 30 46
60 2 45 39 37 2
58 15 14 5 19 44
4 21 25 33 34 20
12 34 7 53 10 23
58 3 18 52 9 58
60 53 50 51 30 18
19 6 10 55 15 21
37 36 18 59 48 30
11 9 56 43 9 18
50 10 14 22 46 24
55 33 10 55 46 13
22 53 2 9 47 1
32 5 27 13 31 1
55 27 26 22 48 51
60 22 2 52 39 60
57 46 38 57 52 26
17 41 1 42 25 29
35 41 40 1 16 58
11 8 35 2 6 20
49 32 21 2 18 24
5 39 48 9 46 43
56 49 55 2 8 22
36 44 49 6 7 47
4 15 33 38 44 52
60 2 35 55 18 35
59 22 41 54 8 42
27 26 52 50 28 51
1 1 47 31 23 35
3 20 28 45 44 25
58 36 55 52 41 39
20 51 21 8 11 49
48 15 55 2 46 37
29 41 20 13 53 42
20 33 15 55 1 37
49 20 4 25 34 46
59 13 3 32 57 23
16 39 28 39 31 50
16 13 59 54 39 14
38 45 51 33 39 59
17 29 13 8 52 31
39 17 53 41 4 14
33 9 17 50 57 4
23 39 9 38 52 18
43 36 11 7 39 24
46 44 41 17 26 25
56 60 20 60 18 10
25 31 48 21 43 39
12 57 53 4 5 24
25 42 30 8 7 21
53 35 7 10 31 52
3 39 34 8 41 33
5 54 4 54 28 7
10 16 54 36 9 9
2 46 2 29 42 53
17 15 54 50 49 33
18 56 46 13 42 26
6 13 47 9 41 42
34 45 19 46 16 50
52 12 7 8 25 11
41 18 37 49 26 45
44 57 1 27 57 16
17 23 14 31 18 44
44 46 53 40 53 37
25 31 1 34 7 21
27 12 55 1 31 37
38 15 3 20 44 2
16 9 4 53 41 41
27 44 10 37 13 31
3 59 17 5 21 42
52 39 18 50 26 25
18 5 27 51 56 40
29 42 31 26 16 16
10 42 15 32 33 32
5 46 46 1 16 39
24 48 21 60 26 57
35 39 7 18 42 1
15 35 43 10 15 24
10 27 30 38 34 27
6 46 10 17 40 54
3 6 51 42 26 26
4 48 44 56 18 49
13 14 26 31 38 28
3 12 53 27 14 24
7 2 38 4 8 46
8 5 16 50 13 2
7 23 60 56 25 55
6 43 43 43 12 24
23 19 52 11 7 53
10 47 33 38 12 12
34 49 52 59 51 14
20 26 18 1 9 7
11 11 53 14 60 23
7 21 53 21 36 36
11 50 50 10 25 16
8 16 25 47 36 31
3 18 29 51 13 44
13 23 9 45 10 41
19 9 56 53 39 13
60 9 28 37 30 60
21 43 36 27 31 8
28 1 57 1 16 21
27 44 36 52 25 20
48 20 51 52 50 54
60 56 53 59 24 22
2 57 19 50 52 55
52 58 21 24 44 6
25 33 51 22 33 47
40 38 45 54 28 10
46 10 32 3 24 8
46 19 37 56 43 28
16 52 29 27 59 40
40 27 7 39 23 15
18 48 30 36 23 8
41 24 1 41 35 44
31 55 46 54 26 54
24 58 32 35 41 6
9 16 51 14 37 23
16 24 2 10 42 37
60 26 15 35 1 1
26 42 29 19 40 50
49 19 10 40 15 1
43 51 52 44 50 50
31 17 30 37 41 45
19 11 49 56 32 59
25 18 31 29 33 23
53 33 42 35 57 2
42 37 37 59 53 26
58 54 19 53 5 29
27 7 55 20 57 10
49 4 15 19 10 49
12 28 36 19 22 48
55 13 43 17 32 35
58 22 51 58 12 57
7 46 33 4 5 10
11 60 1 34 32 31
10 48 41 34 15 13
46 35 53 9 45 48
4 20 34 21 3 33
23 8 41 49 40 47
23 18 37 44 26 26
57 56 37 39 13 52
7 27 34 22 1 40
49 24 20 23 13 25
10 37 10 60 32 58
9 58 29 43 25 50
6 27 4 25 11 14
19 41 29 39 54 8
10 34 39 40 21 5
30 41 46 47 52 2
35 56 19 54 33 29
2 1 7 21 31 31
19 7 24 49 54 49
5 32 50 11 38 42
18 41 36 53 55 39
8 26 2 52 30 45
49 8 22 21 59 1
11 47 15 42 40 18
54 37 52 34 2 45
38 46 50 44 4 33
51 11 51 50 13 35
33 41 10 29 22 8
9 58 22 17 52 10
37 34 33 29 4 43
48 13 3 4 27 31
58 59 12 46 5 60
30 28 14 36 7 41
1 11 6 6 29 7
22 45 4 54 25 6
50 31 35 29 29 11
12 6 8 35 41 29
53 51 20 26 27 27
12 10 2 32 51 38
9 17 2 53 37 49
43 4 16 56 52 24
57 37 4 53 46 19
5 39 58 7 50 3
18 10 17 4 10 4
27 32 31 32 6 35
30 6 22 50 14 2
21 26 8 8 23 18
45 44 17 27 8 55
39 26 21 8 58 24
48 13 49 29 28 50
59 38 3 22 56 40
1 6 51 21 6 15
14 33 56 44 53 7
46 17 38 25 10 2
53 30 22 48 10 14
50 10 20 6 36 55
13 5 55 20 47 50
42 33 30 32 23 8
31 39 26 11 39 52
39 28 26 22 14 25
16 13 40 17 60 8
14 10 30 60 16 13
19 57 57 12 26 4
50 52 12 25 26 50
59 23 7 10 38 14
42 9 43 2 4 24
16 43 51 31 36 26
35 45 19 48 5 44
8 18 6 2 44 6
26 26 54 27 42 9
41 45 18 21 59 12
43 38 30 30 34 11
30 20 51 21 38 45
9 3 23 6 38 21
59 28 54 41 40 45
20 38 9 17 49 3
31 6 54 53 34 16
14 35 44 15 5 57
11 38 13 24 57 4
51 40 31 35 12 12
4 19 50 22 45 12
58 23 50 5 58 50
23 2 25 42 42 22
59 11 9 55 22 10
13 50 56 2 36 28
54 45 49 11 59 20
56 41 14 57 51 36
44 15 35 45 11 6
39 50 32 58 1 57
26 47 46 23 18 7
54 46 41 50 33 12
53 33 31 15 4 38
13 17 24 47 19 59
14 13 18 7 36 31
4 29 2 12 11 19
16 9 51 35 19 43
35 37 53 12 58 41
43 25 54 49 24 20
15 52 22 57 41 40
8 21 15 45 28 25
29 18 38 26 8 11
44 49 12 21 26 35
21 24 29 49 22 49
23 7 27 56 47 2
14 9 18 33 57 12
10 56 37 30 14 39
30 12 15 21 10 41
9 49 5 35 7 40
14 13 28 3 3 7
60 24 42 54 28 36
35 28 4 7 60 13
58 18 22 2 37 27
31 4 29 58 57 43
8 59 55 4 8 46
7 19 3 23 38 22
5 43 8 43 32 21
28 36 44 18 37 6
20 4 9 20 1 51
32 32 14 1 55 52
5 37 35 48 58 54
34 37 51 2 33 43
52 53 34 56 59 31
5 26 21 4 26 24
16 14 47 51 57 27
27 33 26 33 7 30
49 42 27 7 51 9
29 46 9 14 27 17
39 43 54 1 57 52
13 16 33 16 48 39
51 31 48 1 25 15
15 25 23 45 32 60
51 29 38 23 29 6
60 60 18 43 52 4
54 23 28 45 16 31
50 36 27 1 24 47
54 26 9 52 49 1
44 16 59 33 18 33
55 3 44 44 40 6
4 55 60 52 59 47
7 30 25 34 46 45
8 53 60 10 14 54
24 45 50 2 48 19
23 51 58 50 48 60
4 34 43 49 32 30
45 54 23 14 15 41
20 32 46 56 17 47
21 5 52 46 37 19
36 53 5 15 11 35
1 31 22 55 57 50
48 4 37 47 26 41
23 47 11 43 22 50
37 20 24 10 60 20
58 36 38 3 23 37
19 50 2 48 59 17
55 11 8 32 23 33
43 42 17 5 46 15
16 9 10 24 17 16
37 11 32 45 29 28
42 41 58 55 5 40
52 43 54 12 42 60
34 31 17 35 13 53
8 11 59 51 26 51
35 32 6 47 34 7
14 59 57 24 31 52
46 56 38 35 41 1
18 59 58 58 43 2
10 28 35 35 54 6
36 32 45 48 43 2
5 42 1 12 7 48
55 46 28 35 5 17
37 15 33 56 45 56
51 59 10 23 49 41
8 8 44 40 23 15
31 29 28 50 12 21
2 53 26 49 31 9
16 6 9 5 13 37
26 16 33 37 11 35
30 36 19 30 52 6
38 25 22 5 4 37
12 19 27 34 24 19
57 21 24 46 41 16
14 48 22 60 21 29
54 35 28 57 9 34
4 59 10 35 14 60
36 44 29 11 28 4
51 13 48 2 40 32
60 3 28 55 48 1
23 37 26 52 59 13
56 50 51 21 45 46
38 47 33 42 55 49
2 36 59 30 43 34
30 19 1 2 23 42
59 50 47 40 26 44
17 19 24 11 15 51
58 48 50 22 49 33
25 37 8 39 24 49
54 39 3 56 6 45
44 29 47 58 59 11
33 38 13 52 49 16
49 19 59 12 2 13
19 44 23 18 37 4
21 31 25 40 12 10
37 38 39 36 56 1
51 20 32 57 58 36
20 21 18 39 18 43
59 9 44 39 37 47
19 55 30 33 30 16
20 32 45 22 50 13
19 36 34 1 49 21
21 18 16 40 48 34
12 6 32 2 35 5
24 13 55 57 27 18
1 41 47 60 40 29
25 14 29 35 3 23
26 54 39 54 53 7
51 52 34 24 51 13
53 30 21 54 5 40
27 19 11 22 43 15
22 55 34 13 6 40
50 20 10 59 33 60
4 33 1 11 12 29
9 5 33 37 53 2
6 5 52 13 33 16
17 55 13 33 52 37
43 44 10 37 46 11
56 20 22 53 40 39
37 1 36 57 31 5
4 48 2 40 30 43
39 37 58 18 2 40
7 55 39 58 13 41
5 18 23 29 22 13
15 16 19 35 50 40
55 28 54 52 59 10
6 58 1 19 23 35
17 56 50 45 51 33
50 4 1 50 8 39
30 29 20 57 25 7
8 2 40 16 36 3
60 24 44 36 32 1
49 20 48 44 45 42
21 10 57 37 29 2
41 18 17 6 13 22
9 43 4 36 60 42
25 36 39 22 8 28
46 36 36 29 7 10
12 47 7 54 10 3
43 60 32 17 52 45
2 25 7 7 18 34
49 14 35 55 12 29
32 54 12 19 4 45
49 32 18 19 8 36
35 23 57 34 25 36
24 57 59 53 15 37
11 17 14 15 32 1
16 7 45 38 35 17
21 30 44 27 57 34
40 8 18 7 3 26
31 45 51 33 29 53
40 54 5 11 38 12
34 14 59 4 25 50
34 19 35 35 23 1
44 20 44 26 45 32
10 26 22 39 1 56
43 44 42 38 50 51
55 38 17 47 12 27
55 19 59 46 43 42
2 7 5 17 35 59
2 3 33 57 49 28
51 51 29 32 5 7
38 36 18 56 32 29
19 22 15 51 2 16
1 36 44 40 3 40
52 60 43 38 55 5
21 17 32 42 27 2
30 50 14 29 5 39
32 20 56 12 12 49
20 45 12 42 17 19
56 16 23 30 54 24
40 34 26 7 37 25
46 27 30 19 33 17
33 3 39 44 3 43
19 15 35 49 43 25
51 1 22 5 6 52
58 23 35 34 10 8
25 52 7 4 46 2
33 20 42 14 56 9
51 53 15 30 7 5
6 27 47 54 45 57
30 15 59 32 12 33
24 26 29 4 57 30
40 59 55 8 25 35
8 23 43 31 41 57
7 49 22 21 39 59
6 5 33 8 10 7
46 58 58 13 60 28
55 49 54 46 14 16
20 27 10 8 19 41
56 20 6 11 16 45
20 44 27 30 7 51
58 50 18 40 24 43
47 41 40 13 10 18
44 27 51 54 58 59
29 50 40 28 13 9
45 58 1 43 38 58
12 33 50 50 39 42
12 15 26 41 48 37
22 47 16 37 19 17
20 51 6 13 24 24
48 18 18 1 29 18
57 52 22 34 46 36
8 43 42 55 27 36
29 46 7 9 27 13
37 11 20 37 47 7
45 44 60 22 3 9
56 12 31 32 32 27
2 31 42 58 52 55
35 33 41 39 53 11
36 33 58 37 57 24
42 41 49 32 46 23
44 23 11 27 42 49
32 31 9 46 15 54
30 54 9 57 21 51
27 44 54 17 12 45
11 45 6 8 1 11
13 20 48 6 11 17
38 13 20 38 39 29
18 20 27 60 39 60
37 1 22 7 32 18
57 38 44 58 2 13
5 12 48 32 25 48
59 5 27 44 50 60
20 58 22 48 33 22
27 54 4 10 60 35
29 49 23 57 41 39
56 8 25 4 59 53
50 44 45 24 46 19
54 46 43 36 11 34
13 56 46 57 28 8
35 42 4 32 13 50
33 60 39 39 50 60
27 55 12 19 1 45
29 37 38 19 56 14
23 23 30 25 23 34
46 55 28 36 17 16
7 18 42 25 30 30
19 37 10 48 23 44
16 52 30 43 20 30
52 37 49 50 24 33
14 30 19 25 13 59
4 60 49 53 33 5
28 1 15 28 33 60
2 38 26 41 58 30
19 3 3 52 27 49
49 37 30 2 33 31
30 25 56 27 44 10
16 59 30 45 25 52
51 33 47 11 24 19
21 6 60 18 21 29
23 14 45 22 52 5
58 53 48 23 2 23
29 59 8 34 31 18
22 32 16 59 53 55
20 24 16 40 54 3
48 59 51 13 56 8
50 35 6 22 17 48
31 48 60 10 23 15
29 8 34 46 6 13
1 29 24 46 36 19
35 1 59 13 48 20
1 10 5 17 30 31
54 45 15 26 39 16
27 59 20 55 37 31
51 6 11 44 14 7
48 30 50 28 41 50
1 50 13 52 34 44
14 10 30 26 5 56
58 21 17 38 16 23
4 31 36 38 8 46
10 55 20 55 24 35
8 7 57 44 30 22
9 15 9 37 41 31
28 29 21 8 22 7
55 34 59 41 30 34
50 53 42 28 38 22
26 7 44 35 51 38
8 42 9 52 31 48
16 57 27 4 32 49
43 41 35 41 10 50
37 37 27 27 31 12
58 52 14 29 17 57
20 3 44 42 50 21
2 2 6 1 53 10
46 17 54 36 16 33
58 32 48 60 15 53
20 56 58 34 12 39
31 46 21 14 55 2
55 19 39 21 28 60
47 13 43 57 19 30
59 51 58 10 42 18
46 48 15 47 39 4
45 56 19 32 8 10
11 49 22 39 30 28
18 2 47 17 13 24
6 51 54 44 43 32
17 59 37 53 20 31
2 58 16 43 10 22
22 7 25 40 49 29
14 18 27 47 26 17
5 5 48 14 45 8
30 47 32 45 5 55
32 18 22 59 9 38
39 7 5 48 17 57
46 19 7 2 60 26
45 22 32 57 35 27
43 14 9 46 8 47
36 37 38 27 23 8
43 49 25 25 41 8
45 24 45 36 31 4
53 37 8 41 37 16
25 13 60 58 14 56
44 14 46 28 54 37
11 15 12 45 6 34
45 46 11 51 10 26
55 33 36 34 55 40
6 21 4 28 26 16
46 43 37 45 49 29
57 27 52 22 8 50
38 26 16 9 58 34
43 10 12 31 32 38
12 59 53 15 22 15
22 18 20 13 12 20
49 30 1 29 5 21
14 15 28 46 16 31
44 8 58 43 22 59
29 1 4 51 56 28
21 23 50 27 21 47
24 25 60 16 53 43
53 32 57 51 57 53
36 12 27 59 28 49
41 19 33 3 12 17
50 19 6 16 58 30
16 46 21 32 51 40
44 2 43 40 42 1
26 57 41 36 39 54
35 47 56 38 16 30
11 28 11 6 2 11
14 36 34 30 37 36
21 32 19 28 3 13
28 46 12 27 58 54
11 53 58 20 11 31
26 26 52 12 1 24
38 31 13 46 26 2
33 53 35 58 3 21
3 10 36 1 2 14
31 25 60 8 13 12
10 41 24 58 60 7
26 50 9 48 24 57
35 14 58 41 52 2
27 15 45 11 8 60
19 5 35 37 38 52
55 42 16 55 27 57
21 48 50 16 54 45
9 59 28 13 2 17
14 18 33 37 20 53
14 48 29 15 54 7
59 6 19 36 9 11
43 41 13 24 19 21
12 46 59 23 10 10
2 18 38 57 6 31
12 17 42 39 19 15
4 39 35 17 29 6
54 29 36 2 38 26
42 18 12 9 60 33
20 15 37 42 27 44
3 8 28 46 28 14
54 4 42 6 14 19
14 25 56 22 40 13
6 12 51 52 22 8
43 13 15 12 49 6
10 25 51 11 30 6
55 49 5 21 33 20
10 51 6 15 48 8
38 59 32 22 36 32
32 31 39 49 31 16
10 26 48 49 12 18
39 19 23 50 49 34
20 23 28 42 45 9
13 59 51 19 19 55
11 49 35 58 51 52
29 12 21 18 38 5
50 60 54 20 5 40
53 28 17 35 13 17
12 7 28 52 6 9
3 9 39 51 18 34
5 43 56 42 57 6
9 10 25 23 23 54
52 44 11 25 41 57
45 29 34 12 53 55
43 55 39 59 46 7
37 47 34 60 37 15
12 27 2 5 31 39
49 47 24 10 37 3
41 31 33 8 18 60
33 27 17 48 38 40
1 8 29 57 44 16
59 47 21 10 58 1
16 36 53 48 3 41
27 27 33 42 45 49
49 56 50 53 38 14
5 27 58 1 38 34
19 50 27 35 13 10
53 40 31 37 53 46
31 22 55 32 14 33
50 38 32 37 1 59
4 22 12 29 49 60
32 11 21 39 49 44
3 35 53 40 33 30
23 26 8 8 10 38
40 19 32 3 44 47
50 27 22 13 36 52
33 26 14 31 47 55
24 13 20 30 39 56
36 26 38 1 56 21
13 53 4 33 49 54
44 55 49 58 2 18
18 11 46 50 60 28
23 21 30 33 47 21
55 46 11 13 3 55
48 17 32 59 8 1
32 20 57 10 30 36
57 30 60 57 50 39
29 4 39 6 58 47
18 53 4 27 22 29
20 46 27 56 12 14
31 53 51 42 2 40
45 51 21 31 33 21
28 19 28 6 53 18
52 43 47 21 12 14
34 48 1 54 14 56
33 19 20 20 12 31
46 37 20 38 60 32
52 48 48 1 15 39
50 19 25 37 23 6
60 54 52 9 21 60
60 27 33 57 37 21
55 6 58 50 58 15
10 44 31 36 32 57
55 56 55 33 18 40
40 14 30 26 35 8
23 54 41 47 29 28
20 45 25 31 6 21
37 25 60 57 17 3
43 50 40 50 16 26
44 33 6 34 17 48
22 39 25 16 13 18
18 59 50 7 60 31
16 34 12 9 16 41
6 41 45 11 59 24
3 59 53 26 53 42
17 43 2 23 22 24
53 29 23 28 18 28
11 32 34 18 41 3
1 53 59 60 52 59
21 23 46 1 54 59
57 8 32 14 53 37
48 46 45 4 6 19
40 25 33 18 10 40
33 60 10 54 2 55
9 23 41 46 46 1
45 52 49 40 48 3
40 38 30 5 39 52
30 40 7 36 43 42
50 41 22 35 29 42
28 28 57 25 42 17
50 47 58 54 55 54
21 40 26 11 24 5
20 41 23 41 2 9
44 56 51 2 54 3
59 20 3 1 59 46
49 32 35 10 14 58
43 37 59 18 50 34
38 36 45 43 32 38
39 19 46 47 41 9
52 51 38 26 2 57
55 3 12 34 55 56
13 33 36 5 17 23
56 14 30 11 25 6
3 33 36 5 20 52
25 20 5 45 28 23
52 58 25 16 39 29
49 32 2 41 12 36
49 30 13 2 35 48
48 25 24 38 48 56
5 48 43 49 52 41
20 50 43 1 52 55
1 55 1 11 30 19
58 45 38 40 25 35
19 25 32 13 6 49
2 57 20 30 26 55
46 2 16 60 11 28
44 42 47 32 50 11
9 50 20 58 18 36
41 14 32 17 1 40
49 18 50 4 55 40
56 22 37 12 59 31
56 20 46 16 39 10
58 60 60 13 57 4
55 8 16 60 2 16
28 40 29 25 41 19
17 27 33 20 58 3
38 19 5 4 20 47
56 46 54 32 12 41
38 14 31 29 29 53
6 47 22 36 51 25
58 35 9 41 25 43
46 24 8 54 18 51
1 7 9 25 49 38
55 49 20 49 30 33
14 22 49 36 45 56
17 17 36 40 4 9
41 48 8 9 26 41
37 53 12 20 39 13
59 43 22 60 38 18
46 1 52 49 2 58
20 21 4 36 24 49
51 2 45 31 38 36
28 11 9 43 19 49
26 2 14 8 40 14
54 57 19 10 45 57
52 55 49 22 49 24
24 46 34 28 56 28
48 25 52 16 42 43
50 39 20 13 56 32
33 7 41 26 8 28
55 17 24 8 22 57
6 32 50 41 45 26
59 42 21 34 27 37
47 20 13 20 22 46
48 48 50 47 44 39
51 56 1 39 39 57
55 3 50 45 15 52
41 49 33 33 45 5
58 54 35 28 11 10
17 43 32 44 14 4
21 33 20 36 56 10
33 35 9 22 17 24
10 27 6 46 13 13
4 51 56 33 3 50
15 6 7 30 18 5
1 18 59 36 21 30
22 57 51 33 20 36
35 43 58 25 8 41
1 17 50 25 54 45
8 51 40 58 39 46
21 25 56 25 38 9
18 2 26 7 51 4
24 31 30 11 24 55
35 26 58 59 12 47
46 2 6 26 53 55
35 9 47 54 41 33
10 12 34 33 13 37
43 26 55 18 1 37
34 16 15 38 14 50
42 34 25 17 43 51
44 44 28 42 36 53
54 49 30 10 9 11
12 1 6 28 42 55
58 50 52 5 48 60
49 8 11 11 25 35
31 42 14 49 2 48
23 51 5 16 42 4
58 36 30 41 26 55
51 11 40 9 14 13
9 15 38 41 23 33
54 32 10 35 18 12
50 27 37 41 20 59
23 55 27 53 44 22
37 60 30 8 28 43
2 3 21 30 6 58
14 40 36 3 7 34
54 9 57 58 59 17
38 47 12 45 50 13
14 42 5 9 54 40
55 1 41 59 38 52
23 6 22 46 23 49
49 19 57 31 1 59
60 1 40 43 41 25
33 36 43 30 32 37
46 15 8 8 49 19
33 37 32 1 34 48
31 11 14 14 16 25
18 57 7 15 26 43
27 12 14 6 29 34
59 56 30 4 3 21
19 28 9 11 35 57
17 28 3 15 28 56
9 9 24 15 39 27
35 58 56 36 46 18
10 26 25 58 27 42
43 40 13 18 11 43
8 33 32 18 46 51
47 22 20 2 49 27
15 5 11 28 23 29
55 43 23 43 39 28
12 39 14 56 12 47
49 42 37 10 37 42
34 19 37 36 38 4
55 37 39 27 11 23
27 1 2 43 52 17
35 9 17 27 41 56
36 32 46 38 36 60
1 11 58 30 51 39
54 41 12 15 32 18
9 41 56 29 53 7
2 52 48 59 46 15
29 17 23 26 37 24
31 14 49 53 1 20
14 44 35 60 33 40
18 60 4 27 9 49
29 27 25 50 59 32
56 50 17 48 41 6
21 60 41 18 14 42
37 39 46 38 25 1
3 46 7 5 46 14
44 50 52 34 9 45
11 16 48 11 60 11
57 29 55 26 38 39
27 16 10 33 23 18
56 4 41 28 19 59
58 12 37 17 18 58
38 59 35 44 25 26
39 32 11 50 16 31
31 57 11 46 1 48
29 37 57 52 7 39
29 32 7 26 46 10
11 10 10 19 31 23
37 32 54 14 57 33
53 59 37 36 5 60
31 35 53 35 13 59
58 9 34 16 60 60
60 5 23 26 24 45
29 24 9 46 55 14
6 57 14 49 47 28
34 17 60 30 58 30
51 35 51 13 23 43
30 22 18 42 48 49
10 32 38 32 43 43
16 14 55 24 16 19
6 42 8 44 9 30
17 4 44 58 23 33
18 22 9 12 46 43
53 47 26 60 8 25
25 26 17 5 8 6
37 45 51 12 4 13
26 8 34 12 11 55
53 53 44 53 11 45
2 43 45 24 29 10
45 55 1 21 22 1
5 56 18 24 27 24
17 19 7 27 59 33
28 8 51 44 5 27
53 40 22 13 16 30
31 8 44 21 24 4
36 36 28 59 59 40
9 1 15 12 40 8
13 36 44 42 23 33
1 56 11 27 53 11
57 56 39 2 48 21
3 46 49 50 13 54
55 25 24 56 37 18
18 16 53 58 56 40
41 49 19 2 30 15
27 57 12 39 2 21
15 38 55 49 32 37
29 28 4 10 52 10
15 49 31 6 5 40
7 42 40 14 41 25
6 40 12 7 56 53
