1000
65 20 25 46 2 4
46 20 34 70 37 22
11 21 9 6 63 10
28 48 65 51 68 4
47 41 31 23 32 16
5 61 38 20 35 19
56 17 39 32 29 15
57 28 20 2 66 8
49 50 4 33 13 62
17 10 23 54 32 30
22 61 59 11 2 32
57 22 10 18 70 25
45 21 23 60 55 58
32 31 11 42 50 18
42 18 4 10 27 57
14 9 38 23 21 66
59 20 13 49 16 49
1 27 4 19 66 11
20 10 4 3 17 13
59 69 36 64 54 9
40 29 60 21 68 51
22 54 70 23 39 57
69 48 37 49 48 21
37 45 11 66 42 63
35 45 56 63 9 12
46 17 60 15 49 49
52 25 30 54 50 14
58 69 11 66 70 20
22 35 2 8 62 7
43 44 34 1 3 23
66 48 66 69 6 35
5 39 43 6 5 6
39 64 49 33 44 17
33 50 38 54 54 32
15 28 21 69 8 42
62 18 59 28 18 63
66 13 3 20 66 51
24 43 9 4 62 37
68 42 69 63 59 8
8 44 27 69 69 15
7 50 24 34 44 1
35 4 19 20 18 64
60 7 51 26 29 11
16 21 23 19 61 68
54 31 40 54 60 31
35 55 48 38 32 60
29 20 37 14 56 48
29 24 66 66 48 1
49 10 9 36 33 14
60 65 58 12 65 39
8 32 15 24 26 29
20 48 53 55 14 23
18 1 42 49 36 10
4 51 54 27 25 58
26 20 12 37 14 36
39 31 52 49 55 44
38 39 6 14 65 34
45 28 52 42 48 19
28 12 28 44 60 1
21 32 34 12 29 46
20 2 7 21 47 31
3 68 13 6 16 30
52 45 44 53 49 65
11 59 14 16 61 55
23 36 33 3 30 51
13 58 13 42 13 25
46 37 9 4 17 8
5 5 25 59 44 17
53 34 44 64 25 66
52 20 31 68 11 33
59 32 30 55 67 42
66 8 32 67 23 53
9 26 55 68 57 62
23 47 13 41 58 61
56 54 58 53 2 47
49 38 9 15 60 48
15 38 11 2 37 50
12 4 39 19 36 59
10 17 34 48 64 59
40 30 35 7 7 34
50 19 13 27 7 68
50 17 50 19 3 54
68 28 29 5 48 21
69 45 52 50 10 34
28 51 5 10 69 44
70 38 12 24 65 38
67 32 7 38 60 40
12 35 34 6 19 23
23 18 28 46 56 36
46 28 15 42 58 16
4 16 4 31 38 50
41 63 2 42 8 8
56 16 3 40 33 10
49 54 40 24 70 54
35 69 16 38 3 53
50 61 6 20 62 31
6 15 42 60 52 13
7 13 18 42 38 47
15 30 16 9 59 63
66 68 62 25 6 11
34 20 57 19 19 27
58 18 70 55 41 61
53 19 17 57 29 37
60 62 43 5 44 22
62 53 44 54 70 8
24 48 24 59 60 53
49 6 53 65 5 18
9 27 15 39 17 60
2 49 9 28 70 14
9 16 26 45 19 24
59 23 21 34 37 46
13 36 46 55 43 55
30 68 66 33 55 44
45 28 32 11 62 13
58 49 20 68 18 14
69 56 59 68 10 57
5 50 22 14 60 60
67 1 41 52 21 39
49 65 50 2 45 32
24 10 52 28 45 42
11 17 53 64 63 56
4 23 8 39 32 35
62 28 40 63 31 44
38 38 42 48 64 65
59 59 12 20 68 63
37 48 30 15 63 1
53 19 9 58 18 46
3 64 67 41 9 3
38 2 49 18 63 52
22 44 21 37 44 16
55 66 53 55 5 2
31 32 27 61 14 5
12 32 38 11 12 69
10 29 25 2 40 51
22 17 32 42 27 68
56 16 28 45 42 49
50 26 21 20 60 39
66 42 44 40 8 38
37 46 23 69 47 25
45 29 49 55 15 36
64 12 61 46 15 40
61 64 59 34 13 44
32 52 43 67 45 46
44 17 29 10 57 53
45 10 25 6 44 67
67 19 13 65 31 35
53 59 28 52 16 7
59 50 8 17 60 66
50 51 31 57 66 14
24 4 39 2 7 18
6 6 21 69 11 58
69 2 44 43 39 6
70 64 31 9 67 37
34 24 17 5 70 3
59 42 51 30 14 48
10 46 9 37 27 31
16 32 11 13 51 53
29 17 47 1 40 51
59 32 40 12 20 54
48 62 2 53 14 30
44 51 16 53 20 13
47 46 22 48 58 41
32 3 46 43 18 34
40 1 42 63 56 33
31 23 6 36 21 9
62 1 11 10 24 61
52 48 25 57 55 70
6 58 20 38 62 26
40 67 6 65 11 46
23 66 35 5 3 57
37 24 67 36 49 69
38 23 43 26 56 38
56 43 44 15 62 36
37 42 70 11 60 65
2 49 52 60 65 28
26 70 67 14 10 7
20 37 2 70 25 44
26 36 32 12 42 62
7 51 30 6 31 63
5 47 14 33 63 37
6 54 17 41 41 29
46 34 37 10 53 53
39 45 7 46 70 39
37 26 37 30 1 16
14 66 54 18 55 35
8 8 20 1 28 9
59 17 17 36 40 34
62 26 30 2 26 57
31 7 17 37 38 39
15 20 19 16 20 53
48 35 63 23 25 22
49 57 30 23 36 17
31 9 38 12 33 26
8 65 69 56 13 68
70 37 34 46 38 12
15 63 19 24 19 22
21 68 8 44 49 43
8 61 48 21 70 12
15 8 25 43 36 31
1 34 48 44 3 45
9 47 32 10 44 41
59 18 61 5 20 29
10 2 42 52 13 68
20 2 33 59 53 52
59 70 61 45 55 11
51 19 49 30 31 27
11 38 41 65 6 3
40 8 61 42 32 34
35 41 29 44 15 54
21 13 20 47 21 52
51 56 18 23 54 57
62 34 58 17 46 18
14 69 18 14 58 38
25 57 12 59 27 33
68 50 43 17 26 5
65 58 29 12 3 49
65 42 51 58 58 39
35 39 13 7 25 14
56 59 29 37 39 14
47 30 70 68 66 70
58 62 18 8 64 3
5 65 67 66 13 67
31 55 14 13 32 63
67 16 67 56 16 1
11 36 23 40 24 60
8 10 5 22 38 20
66 45 37 32 42 43
34 20 60 50 40 32
68 23 64 69 68 66
53 30 30 65 43 30
9 21 43 61 1 35
51 20 27 66 8 21
23 22 7 50 39 4
37 7 46 8 18 4
46 17 8 3 54 43
26 64 66 63 18 18
47 62 44 3 3 41
68 21 22 16 65 58
11 43 49 61 39 22
27 49 21 29 38 70
31 9 65 26 29 30
43 48 17 10 57 8
21 23 38 42 14 11
69 4 24 8 34 54
59 17 55 22 14 12
14 23 48 57 26 51
46 29 31 56 47 41
28 26 24 6 19 63
22 66 59 5 6 13
30 63 23 11 25 14
25 21 23 65 13 56
42 28 15 17 5 38
70 29 35 50 45 68
56 66 16 8 41 52
42 50 7 5 31 32
28 8 32 21 16 69
32 55 28 36 32 5
4 43 5 4 67 42
31 11 26 10 28 12
44 29 68 66 30 22
44 8 21 2 42 37
45 3 9 39 4 68
24 8 16 33 16 18
44 65 8 14 32 51
22 49 63 50 34 54
44 40 17 59 39 4
14 30 5 1 56 6
5 21 3 67 12 43
17 54 35 68 56 38
32 45 54 44 27 53
29 12 17 52 66 45
16 19 33 46 68 1
16 25 20 38 25 4
32 12 33 39 58 56
65 15 56 65 17 44
19 65 49 28 52 56
70 66 28 11 63 68
68 1 68 2 42 59
22 14 64 32 3 53
6 46 36 27 9 16
30 46 48 3 44 52
50 1 50 8 39 56
63 67 64 44 13 34
52 23 24 52 29 37
7 9 25 42 26 40
60 67 33 2 64 66
41 65 58 30 11 31
68 46 69 44 46 10
49 66 36 62 6 34
15 2 40 9 48 36
29 51 61 70 59 12
70 67 28 43 20 45
47 6 45 30 64 12
49 7 17 52 49 5
42 8 40 69 43 33
6 26 18 40 65 2
25 53 21 55 52 46
23 45 41 1 67 53
3 15 38 19 27 47
5 14 67 19 47 17
58 26 11 47 14 20
9 34 36 64 44 27
42 37 19 38 57 66
54 36 5 18 24 5
40 40 56 59 33 35
15 9 50 14 68 42
15 30 60 37 65 63
53 22 3 14 48 1
49 19 24 60 30 51
54 54 22 1 62 69
42 56 67 47 64 51
4 2 63 52 51 43
25 7 51 65 31 49
45 64 15 32 45 19
66 46 1 28 64 32
41 35 34 56 37 50
2 1 68 63 12 12
49 10 54 67 56 64
44 17 30 53 28 16
68 13 26 44 53 69
20 9 21 58 9 21
15 58 45 62 39 68
37 55 27 45 45 16
28 26 7 23 67 46
56 70 52 50 37 36
56 22 62 22 10 33
44 28 49 5 3 10
9 54 54 63 17 4
7 23 34 3 52 3
24 57 62 7 20 4
17 6 4 43 25 29
65 32 30 21 61 43
14 2 63 36 16 66
47 51 12 48 6 8
38 11 23 14 40 1
42 5 15 22 51 66
52 63 60 70 45 20
54 33 7 11 4 50
20 14 21 65 26 62
48 67 64 41 70 31
37 49 50 34 70 17
41 32 2 9 41 33
17 38 1 20 56 29
45 53 63 42 9 58
23 36 36 49 69 20
16 8 33 50 37 23
65 37 14 41 12 65
47 23 31 5 50 38
60 43 8 25 44 11
23 53 33 17 56 13
32 28 37 28 14 61
66 46 57 28 54 17
46 34 19 64 62 9
67 10 34 56 49 55
60 8 58 36 61 39
54 58 67 49 55 26
32 60 13 35 22 33
51 65 42 15 13 69
15 15 48 25 63 19
33 51 27 54 61 21
9 14 49 33 59 38
11 11 38 15 54 31
35 67 35 15 66 49
19 2 51 67 14 49
33 9 41 66 26 66
62 59 50 51 60 5
45 59 6 2 49 64
58 24 29 61 41 27
33 31 1 32 68 21
45 27 27 49 55 8
1 27 12 3 53 7
32 29 20 52 38 44
4 9 17 40 53 23
66 57 41 17 39 10
15 23 47 25 60 22
53 54 36 59 28 60
43 38 41 28 68 3
35 15 2 66 58 48
23 26 58 29 51 18
58 59 55 17 2 23
23 18 30 53 36 42
28 60 4 8 28 36
7 69 46 26 32 17
48 45 18 30 44 61
59 25 46 31 47 8
9 11 62 25 42 24
64 28 62 29 16 48
34 29 15 16 68 22
63 9 55 22 31 9
31 17 10 37 25 30
37 53 23 25 13 39
37 31 32 66 23 28
8 24 65 53 34 38
46 29 24 3 34 39
41 64 51 68 17 40
24 69 30 21 53 43
2 25 11 50 42 29
3 22 26 27 41 46
63 34 32 34 56 17
7 44 8 6 56 58
28 65 30 25 32 61
51 64 1 49 23 7
7 20 16 55 31 51
51 58 18 17 29 6
5 38 69 66 4 23
63 2 15 8 40 31
33 65 66 13 37 63
4 28 60 54 42 21
48 53 68 33 38 17
23 2 24 15 6 7
14 15 59 49 28 3
48 13 8 23 27 45
50 23 46 14 35 60
26 1 8 59 19 61
68 26 26 30 6 60
5 39 39 5 10 55
34 29 52 31 62 6
46 45 42 3 35 45
2 60 66 20 8 49
1 43 59 49 32 28
14 16 48 2 30 65
51 51 2 59 2 44
62 40 58 23 34 30
33 53 68 12 28 16
14 54 27 47 42 25
20 25 37 19 49 61
43 69 48 32 26 57
21 40 35 38 19 61
30 67 47 20 25 6
62 40 12 28 15 31
14 16 50 14 56 51
27 61 59 42 23 31
40 1 21 38 7 16
48 15 38 59 2 7
41 22 59 9 25 45
60 22 15 32 44 54
40 7 24 22 38 30
26 50 29 23 29 56
19 18 34 43 68 48
6 47 38 50 27 64
59 66 15 24 61 53
39 42 54 14 1 6
55 52 32 61 7 64
45 2 60 6 10 13
36 64 26 11 49 5
6 61 70 30 4 31
38 3 26 43 24 69
16 6 22 8 14 38
11 41 42 53 22 11
17 17 40 19 20 60
43 17 25 30 54 53
18 68 17 59 50 44
14 4 8 37 6 59
51 54 1 45 56 59
39 69 55 1 42 55
70 3 34 30 66 4
67 17 24 68 40 45
65 23 13 69 35 1
26 68 6 66 54 45
1 25 52 54 6 65
66 45 70 11 68 37
41 43 39 2 44 21
41 21 29 46 52 26
52 18 1 2 24 6
35 28 46 19 62 20
7 44 32 67 13 2
18 8 13 44 37 9
10 4 28 19 15 70
36 4 46 19 26 6
36 6 13 65 28 40
5 6 41 44 54 69
66 34 3 7 70 12
59 45 62 15 37 10
52 27 19 6 15 25
28 42 26 18 38 8
25 40 35 38 21 53
22 39 47 68 28 41
19 43 21 60 20 51
42 35 10 4 51 66
62 21 41 12 27 50
4 46 57 62 69 2
14 40 69 25 33 54
51 61 31 60 45 2
51 60 51 10 56 48
50 27 66 3 7 28
17 12 16 47 20 62
56 27 18 54 7 46
64 29 24 52 65 18
37 12 21 43 65 33
23 36 45 2 65 1
2 4 16 68 49 14
27 30 29 38 63 14
16 17 68 54 37 20
20 70 22 70 65 58
21 5 39 48 13 59
36 11 2 44 46 64
61 47 29 49 27 50
55 57 49 3 69 39
65 17 40 58 22 25
51 60 7 2 26 51
14 64 67 45 43 40
11 29 53 58 48 25
66 47 43 60 58 3
69 42 61 2 50 3
49 65 25 5 52 49
40 44 41 23 16 17
13 48 52 24 33 10
7 16 10 20 47 53
23 10 68 38 40 6
36 49 20 33 34 70
20 70 5 23 38 5
48 46 37 65 6 49
26 53 42 30 62 44
33 65 45 9 7 60
59 41 12 60 67 44
54 7 17 3 3 34
45 43 50 44 53 24
36 58 1 70 59 22
1 66 17 25 1 12
14 65 14 12 55 23
12 7 60 39 66 1
52 1 42 17 38 68
63 57 70 34 68 48
63 14 8 31 31 19
9 65 35 32 68 62
25 1 3 26 14 17
35 4 35 32 45 49
32 43 58 25 20 50
25 37 66 21 65 58
46 8 4 25 53 18
70 37 42 60 66 12
29 30 33 44 42 33
62 59 43 60 17 57
60 31 7 22 21 44
41 28 33 35 36 35
23 3 22 40 8 59
5 70 34 26 40 24
62 7 37 58 64 18
61 49 21 3 58 64
18 20 30 66 41 27
63 11 3 44 63 42
31 55 41 14 40 60
58 27 53 31 13 22
64 25 27 21 63 4
28 16 62 69 34 21
21 65 37 22 36 64
42 62 63 66 45 24
9 28 9 16 16 42
29 66 35 59 8 32
68 59 60 52 9 18
56 38 8 8 45 57
6 43 61 34 34 56
29 51 4 15 63 38
17 28 46 41 28 45
7 40 50 48 20 31
13 5 29 5 68 42
21 28 56 36 69 32
19 56 33 41 50 46
41 42 68 2 19 57
64 6 36 59 22 45
38 55 37 22 55 61
10 25 42 51 42 36
11 55 54 54 27 60
52 18 55 30 4 68
32 15 48 55 48 32
13 50 33 61 32 41
64 21 31 51 9 21
13 64 42 41 26 37
64 42 19 11 67 18
6 34 3 14 28 13
55 36 56 5 55 70
41 36 52 10 51 6
42 39 22 68 59 37
31 13 46 65 70 16
45 29 68 7 56 65
54 36 10 49 46 43
6 5 47 37 65 45
17 38 63 10 42 14
10 51 17 37 57 20
46 47 27 55 38 10
19 54 9 17 24 61
42 70 52 11 13 10
49 5 39 59 59 63
51 20 24 64 60 56
31 3 17 14 50 30
38 34 44 16 30 60
34 56 60 41 21 35
2 19 6 52 7 42
14 16 31 4 22 68
27 46 28 49 10 67
11 11 36 46 31 1
9 42 58 34 23 2
41 4 35 10 19 19
40 5 34 42 47 33
63 60 34 45 32 31
31 69 60 25 39 20
24 69 48 12 21 64
20 48 37 23 6 13
53 14 39 29 39 38
16 32 10 42 23 35
21 35 26 54 48 61
31 63 26 53 46 50
12 61 30 20 45 29
4 37 55 27 28 28
8 29 52 52 18 70
33 51 15 13 29 70
3 58 65 18 61 13
24 38 45 65 42 11
42 39 11 24 24 57
12 51 60 33 37 19
48 57 60 10 16 69
41 69 38 7 67 56
61 4 16 60 36 45
60 34 37 37 31 55
53 50 44 17 60 51
24 66 2 39 27 56
31 33 10 9 10 15
66 44 29 7 63 57
12 29 46 37 48 58
5 51 70 8 17 30
3 13 35 42 30 22
4 33 4 41 58 26
37 60 31 15 24 6
8 58 21 52 68 54
19 35 4 23 39 47
55 14 34 63 4 49
30 23 32 43 33 7
60 48 29 1 14 70
42 60 49 64 19 7
17 21 36 17 36 35
25 11 23 69 61 62
35 49 20 4 23 4
63 48 44 52 20 26
18 22 41 29 49 61
20 34 6 16 13 59
58 67 59 12 31 40
36 54 4 34 31 25
7 42 59 50 54 47
64 37 59 28 17 19
32 10 37 49 10 44
15 59 16 28 13 66
30 36 65 35 60 13
63 44 69 35 53 57
33 7 28 57 46 32
66 55 13 34 60 31
8 27 46 59 52 35
68 43 22 9 27 46
19 43 19 54 23 62
32 29 41 23 23 25
20 64 42 70 9 4
19 53 8 37 47 69
68 24 53 30 69 28
58 59 42 49 3 51
34 58 26 1 31 54
32 39 17 68 23 8
38 50 46 18 8 53
63 21 64 48 45 62
14 22 40 22 56 51
49 48 9 20 68 32
22 14 44 51 33 36
11 9 13 12 51 43
19 39 27 17 2 26
4 8 55 36 62 24
64 42 13 39 30 50
62 54 12 17 24 23
15 17 18 51 21 33
7 63 27 13 46 48
37 38 25 34 9 42
43 30 4 13 48 48
40 69 42 51 7 65
44 43 63 19 39 14
18 15 33 29 18 44
26 57 55 66 65 53
69 28 1 3 25 17
48 5 69 70 49 12
62 38 45 10 49 28
36 56 50 51 43 31
4 46 15 2 2 54
45 45 22 25 61 36
23 22 36 53 61 7
52 28 31 13 16 66
2 5 42 24 51 52
29 57 48 61 34 48
56 3 30 51 63 2
47 2 17 4 32 25
36 41 48 67 49 10
20 58 61 58 70 14
2 14 35 48 14 2
10 52 39 18 28 47
45 23 8 26 26 16
24 40 66 42 33 24
69 43 70 60 28 37
56 11 13 44 62 33
6 7 14 16 58 46
1 25 3 18 52 63
63 67 44 4 38 21
55 52 15 26 2 28
18 67 69 3 51 21
1 56 41 6 52 16
13 45 69 12 50 25
58 19 7 52 19 9
40 14 20 55 63 26
57 51 26 40 53 61
61 45 48 32 51 61
21 54 5 70 40 21
12 32 70 63 5 69
20 63 10 3 20 39
58 23 1 21 15 35
17 23 33 61 65 2
56 23 20 68 44 67
69 10 9 38 54 30
49 54 62 48 38 59
41 25 57 36 57 70
34 65 46 32 30 26
54 19 61 22 19 37
8 5 23 1 1 56
2 63 49 13 59 64
57 52 3 56 43 35
23 64 55 62 25 11
1 54 55 36 31 8
35 51 60 38 70 63
62 23 67 15 1 62
47 40 40 51 68 11
2 22 17 6 59 17
70 1 38 2 12 8
29 18 56 65 38 48
5 34 53 60 27 54
25 42 56 41 20 19
55 58 53 4 26 1
47 43 4 61 9 58
53 22 52 36 57 9
69 52 26 70 36 1
10 44 5 39 34 67
1 32 53 27 29 44
66 19 30 63 33 32
49 42 48 63 58 31
48 17 19 21 60 30
16 46 68 53 70 47
47 12 10 57 38 51
21 45 21 57 13 27
13 17 58 1 67 50
50 49 43 36 48 64
45 6 61 41 24 41
8 49 45 55 8 68
27 22 11 68 59 66
29 19 35 63 62 10
26 41 49 69 2 31
36 5 2 67 43 54
66 42 31 38 32 37
44 57 48 62 53 22
62 53 14 53 49 38
68 46 17 39 40 26
3 22 37 34 9 52
51 49 7 36 38 11
69 19 22 53 19 22
11 50 3 51 61 59
26 41 11 55 6 7
65 61 27 30 4 23
11 27 40 3 12 19
18 22 52 26 20 33
67 28 57 37 14 46
55 35 66 18 61 2
67 33 47 30 69 22
61 11 16 32 35 51
66 67 31 25 37 62
20 25 8 16 3 34
63 35 46 47 51 64
33 54 24 34 48 41
61 27 59 6 8 16
26 65 29 2 36 56
48 60 8 17 14 29
62 22 26 25 10 52
59 11 32 7 35 54
27 49 42 58 11 60
21 69 65 7 9 52
47 53 63 18 54 21
68 53 41 68 62 11
66 10 40 54 60 4
27 48 29 10 31 52
1 13 70 31 3 38
23 30 25 34 45 1
68 54 6 58 50 33
28 54 26 47 17 62
31 22 48 31 16 25
1 62 48 19 34 40
4 33 25 13 11 30
27 22 1 42 1 44
29 25 18 59 69 22
39 39 20 2 64 28
27 42 4 64 59 37
38 62 5 21 25 7
44 21 42 5 12 3
69 31 25 18 23 69
2 37 56 3 61 18
59 5 62 70 8 4
52 3 23 2 1 22
43 17 69 38 64 39
61 28 41 27 48 29
37 34 60 46 34 68
34 6 23 61 68 3
56 1 5 36 1 47
26 25 28 13 9 11
52 24 8 12 13 4
43 4 2 34 4 8
15 11 62 59 29 34
37 42 53 8 34 44
29 41 64 10 65 55
3 14 40 32 50 54
51 6 51 68 19 14
22 49 11 19 44 46
15 37 61 50 20 51
69 44 16 37 19 36
12 32 35 54 59 64
38 38 32 21 58 57
7 50 23 63 35 48
70 31 10 64 11 58
70 55 13 57 56 33
70 62 8 3 15 49
44 49 18 20 32 5
10 13 61 53 35 27
26 39 66 48 42 6
36 49 57 53 44 8
27 40 69 23 56 66
22 9 22 38 40 62
37 54 22 22 48 37
2 23 8 40 12 49
53 46 17 38 41 14
46 46 41 14 70 18
53 8 46 45 55 49
23 7 6 66 69 67
45 1 40 44 68 5
69 64 10 64 70 26
28 56 35 40 51 4
25 27 69 4 68 2
29 11 43 6 63 22
53 37 11 9 29 25
51 7 16 13 22 56
38 44 39 58 35 52
5 53 31 34 21 20
11 42 4 54 19 38
21 28 17 4 3 49
64 33 13 20 46 55
48 58 9 19 53 57
26 6 14 31 22 14
57 55 34 61 68 5
70 4 34 6 3 62
41 12 26 45 28 4
55 11 61 15 32 62
30 15 24 31 59 68
44 19 11 33 39 11
46 30 61 48 2 44
20 23 28 58 60 65
5 70 28 6 45 26
24 25 20 20 33 31
5 44 10 33 49 39
59 21 40 40 28 9
41 70 5 53 11 63
32 25 59 41 63 52
62 22 40 66 44 12
41 32 37 70 21 2
4 51 44 50 58 3
70 53 55 39 29 1
24 8 14 8 38 40
2 14 65 65 41 48
25 36 16 2 52 21
66 40 47 50 2 4
2 51 13 10 16 12
53 35 65 41 12 18
43 65 45 62 20 4
66 55 26 63 55 15
57 21 4 26 47 58
65 52 70 61 23 19
59 50 3 18 57 7
24 38 25 69 34 31
37 37 44 61 53 19
65 42 52 60 23 69
10 55 56 6 38 65
62 29 4 56 16 10
13 23 58 8 37 7
3 30 41 32 31 63
9 46 68 14 55 7
43 56 19 2 49 25
10 19 47 24 54 44
17 47 66 30 50 24
12 55 40 49 24 35
15 53 48 45 36 35
35 57 64 55 27 14
39 6 31 43 55 41
60 40 38 27 66 37
61 42 32 33 68 19
4 27 25 56 4 11
47 56 4 43 28 22
59 54 3 53 53 68
57 62 42 49 40 16
62 44 45 21 49 43
42 2 64 25 46 52
8 58 13 70 3 33
38 14 13 46 35 33
36 42 59 15 22 24
32 39 14 29 18 38
63 4 53 23 42 55
64 8 26 64 33 70
1 13 22 43 38 65
3 12 51 19 33 38
4 34 11 50 19 33
27 28 19 49 11 21
21 27 23 31 48 5
14 31 53 4 56 64
22 8 66 33 5 2
51 20 12 20 6 12
49 27 2 46 61 62
50 15 14 12 47 23
39 57 11 48 9 23
58 25 55 66 28 15
46 24 44 68 38 10
23 17 11 26 28 38
15 21 56 64 22 34
44 62 63 12 10 58
53 14 26 61 20 64
52 67 21 33 47 69
51 1 59 35 67 63
22 70 12 18 67 66
11 35 13 68 68 55
61 35 17 42 43 56
64 12 69 52 1 10
36 43 3 29 25 16
52 27 70 12 68 2
59 40 3 61 12 29
56 69 38 24 43 8
17 53 45 32 64 14
15 49 20 65 63 67
5 51 37 2 31 9
55 60 53 26 53 57
54 29 50 27 38 51
1 55 40 18 42 52
64 23 68 34 68 23
14 70 44 61 24 18
66 69 17 11 11 56
38 54 6 51 67 39
3 66 33 32 25 19
7 25 26 24 4 5
12 45 25 7 36 40
62 9 27 66 65 55
21 52 70 4 39 35
25 39 69 25 42 23
9 49 1 28 6 7
41 10 12 3 62 3
19 36 64 61 63 48
18 68 14 2 55 65
46 48 8 21 11 24
18 29 17 7 9 8
23 5 53 67 30 43
35 29 65 1 8 23
31 69 22 23 42 48
67 7 41 45 54 55
33 51 27 31 66 63
42 12 51 22 63 38
62 9 54 54 66 7
63 7 54 53 8 4
22 29 55 64 8 29
4 31 4 24 8 18
57 59 42 28 66 37
55 63 45 25 38 57
20 32 36 4 42 45
66 33 19 18 42 54
62 34 4 3 5 4
15 66 21 39 66 28
58 64 53 2 51 11
31 15 6 19 13 57
45 69 56 48 14 43
19 22 30 54 26 23
66 24 13 1 4 7
69 46 47 55 59 55
4 31 29 53 6 60
31 50 18 43 53 21
35 36 50 30 37 21
54 26 50 22 40 27
8 20 46 52 11 43
55 24 13 46 66 22
33 20 38 8 43 58
65 27 44 4 1 55
32 62 64 48 26 42
12 30 9 25 37 33
58 17 34 23 26 26
14 19 36 45 1 43
20 27 24 56 43 12
9 32 39 31 62 42
68 70 27 36 20 3
67 43 27 3 21 56
34 62 52 44 44 23
36 12 39 47 35 52
41 67 6 28 26 2
11 63 36 28 19 25
27 3 23 70 50 70
60 6 1 52 28 57
42 67 21 39 62 37
50 48 23 26 68 3
68 51 60 9 2 8
62 69 33 47 16 36
46 15 24 24 33 27
