1000
42 7 36 72 43 28
8 58 60 22 21 18
76 57 16 46 1 73
79 68 5 80 2 38
23 53 54 26 24 56
59 13 27 38 18 65
63 20 6 60 69 78
65 63 25 23 8 46
54 69 75 72 21 24
30 38 12 7 31 72
7 13 12 66 35 22
39 75 2 58 2 23
55 29 44 36 25 58
23 48 77 20 32 74
36 56 6 9 27 61
53 77 33 24 54 76
6 69 22 36 38 45
56 9 31 70 64 77
77 48 32 44 2 58
72 73 8 11 23 35
54 7 20 6 6 8
13 7 52 24 29 57
36 22 42 47 55 29
36 24 75 75 42 32
56 73 9 60 61 54
29 43 80 31 64 6
2 70 7 69 6 74
69 30 48 59 66 59
2 61 64 45 19 79
77 52 54 76 58 16
33 74 75 22 23 41
49 55 9 47 18 2
70 66 80 33 17 5
23 40 58 26 17 14
71 33 39 73 50 52
70 41 68 18 64 29
24 19 74 1 15 72
5 26 4 42 39 77
38 9 28 67 48 69
64 75 21 39 6 10
43 62 22 12 25 24
21 11 7 51 51 66
40 3 49 58 38 33
47 37 68 17 59 35
60 8 22 67 29 78
50 51 48 25 71 70
72 31 34 61 25 44
44 23 28 66 13 26
19 4 69 26 20 17
22 17 23 72 32 8
39 50 71 26 11 29
43 63 49 34 28 79
38 36 46 50 37 25
45 29 57 67 1 71
38 1 40 25 14 29
59 35 76 35 67 59
53 58 73 10 55 21
1 38 55 75 71 36
8 71 56 74 13 40
77 64 15 42 59 57
55 69 51 64 78 47
22 65 3 48 64 20
5 22 8 75 73 8
59 46 35 10 57 33
73 44 16 68 36 56
72 68 11 8 48 46
43 39 22 71 2 27
29 39 27 13 2 53
78 13 63 5 2 43
35 77 59 32 34 80
19 13 46 53 9 76
13 32 50 64 17 4
44 69 80 63 21 53
1 12 1 53 54 8
12 17 50 44 1 79
48 5 45 18 50 27
7 34 35 2 32 56
62 16 63 63 39 18
60 20 51 67 78 59
58 11 49 70 71 41
73 2 32 57 42 23
75 70 34 38 21 68
74 1 4 43 64 22
28 41 11 16 2 67
63 34 75 71 49 31
15 13 79 68 27 24
45 6 4 70 45 52
56 33 64 42 29 71
54 1 34 49 47 57
27 26 72 35 61 26
35 59 52 20 13 75
21 53 35 14 38 74
55 30 24 65 46 78
26 50 40 30 33 27
65 75 74 74 54 49
39 39 56 49 4 32
30 12 6 39 18 42
53 38 50 37 34 42
16 76 18 24 65 61
55 27 38 27 29 41
71 51 8 37 51 26
34 59 11 1 2 52
27 1 71 54 8 67
36 45 28 73 66 35
38 77 52 21 17 7
66 47 71 2 79 17
39 58 8 50 11 44
50 54 68 72 61 41
26 14 59 40 36 18
53 78 26 59 51 16
33 31 38 28 12 37
6 24 79 58 3 45
31 21 65 21 27 60
5 31 78 2 67 4
32 42 30 52 28 23
36 52 74 62 1 56
71 46 28 79 8 63
21 12 30 21 13 46
65 25 66 59 46 36
58 56 65 31 47 11
11 68 16 8 41 37
41 57 18 65 64 3
47 37 11 11 15 73
24 77 47 21 39 54
59 1 66 33 36 1
36 40 36 58 70 44
29 77 29 75 28 37
38 1 72 11 61 77
44 56 33 11 76 56
79 20 15 3 73 74
39 54 41 27 22 62
66 2 76 56 63 37
47 48 1 2 74 70
79 77 7 33 74 12
65 14 79 18 73 78
66 53 21 25 55 50
3 4 47 78 40 3
44 6 3 27 76 15
78 39 57 23 12 74
63 59 57 74 11 3
65 22 59 40 12 45
10 46 39 74 47 75
27 71 30 32 13 43
64 24 73 73 27 71
16 14 8 33 79 69
27 46 67 78 37 43
62 46 21 39 70 71
8 7 67 3 55 41
6 54 38 12 57 35
47 41 25 32 4 47
41 48 6 6 6 69
30 45 40 66 67 48
69 38 58 47 48 75
69 58 66 31 52 62
44 38 27 4 5 56
67 80 35 51 50 15
8 71 39 52 60 39
79 21 18 23 25 70
13 27 27 32 44 10
64 67 60 53 67 61
48 35 69 45 67 18
11 56 15 62 79 6
6 60 66 39 9 63
10 54 43 60 38 50
40 9 18 64 63 1
62 20 30 52 46 50
16 41 15 35 36 21
61 56 69 21 33 47
21 19 45 55 2 58
78 5 63 52 79 66
4 73 30 27 57 60
1 12 70 10 64 59
75 46 53 41 22 75
4 56 28 17 76 16
11 58 77 71 69 40
56 52 8 15 38 76
46 26 33 63 54 69
59 52 20 72 23 45
45 2 9 11 3 75
51 51 24 46 59 77
25 57 11 51 40 63
8 51 48 50 50 72
49 4 55 40 56 63
29 33 17 32 56 40
46 68 68 43 27 71
59 58 11 1 45 61
64 30 12 18 10 15
31 25 2 37 76 36
26 15 3 12 31 39
59 2 64 35 18 50
50 70 32 63 3 26
21 70 71 16 39 17
17 65 44 55 48 57
40 76 79 40 50 68
76 10 41 64 78 45
54 8 57 13 59 65
15 22 49 75 16 11
26 64 33 77 57 17
3 78 9 1 47 6
54 22 32 8 39 72
46 9 36 24 25 14
59 64 78 69 67 7
64 53 33 35 14 17
19 71 41 56 54 19
34 29 4 25 50 5
61 5 53 58 67 38
71 41 1 56 52 16
17 36 26 62 75 25
68 28 74 73 10 40
74 24 76 62 67 76
17 23 54 34 41 33
21 41 17 8 29 73
10 52 69 58 4 9
66 78 44 48 27 50
16 10 18 72 36 32
12 20 74 17 50 22
43 71 4 7 63 33
34 34 48 56 55 48
11 59 32 8 61 52
43 47 8 54 33 80
64 24 58 63 76 80
32 12 11 65 75 19
12 4 64 43 1 64
69 58 33 9 71 21
44 55 11 11 64 45
77 19 23 64 77 16
63 74 8 26 20 67
4 45 25 15 41 16
80 16 15 38 11 36
45 27 41 60 38 66
72 75 48 66 9 33
52 56 39 65 34 73
38 39 51 75 23 62
54 28 3 57 78 30
78 52 63 23 79 15
26 55 54 44 52 80
64 63 59 19 42 50
70 55 24 45 46 62
57 48 62 50 78 47
20 38 44 64 14 75
56 75 60 31 45 35
59 41 44 20 31 59
72 55 6 57 65 25
47 21 52 13 14 53
40 8 9 77 68 46
21 49 23 58 63 38
58 32 76 65 48 27
3 57 49 44 21 70
58 39 7 50 78 7
57 41 60 31 68 64
32 66 8 4 74 54
61 12 47 23 55 35
80 26 48 48 47 68
5 33 27 33 30 24
57 39 13 69 26 45
11 79 32 29 73 16
23 71 49 65 7 37
41 45 28 34 29 58
50 71 40 48 76 2
28 65 35 37 52 30
40 37 30 40 23 59
56 77 6 15 19 74
38 67 78 43 30 80
43 50 66 34 72 27
40 4 11 11 3 73
57 61 59 73 77 63
38 22 15 42 21 76
28 41 65 50 52 5
5 4 74 32 26 57
50 56 33 70 25 29
16 55 46 24 2 36
4 1 44 43 73 29
67 35 74 5 30 23
36 71 40 39 15 59
62 76 1 44 44 73
41 15 19 44 17 65
17 50 43 79 22 28
10 25 5 16 63 33
38 10 36 79 64 21
37 22 38 79 75 23
68 39 42 67 40 56
23 16 17 46 27 10
7 66 79 77 48 18
13 16 4 58 11 13
18 33 11 34 39 62
48 31 22 66 6 44
49 44 3 16 73 2
61 57 36 50 11 36
75 5 21 4 64 30
19 33 75 44 34 63
53 4 20 69 16 37
43 5 21 2 36 37
56 38 45 12 65 11
17 37 36 80 58 12
75 45 47 13 70 6
69 23 36 15 66 53
62 74 68 21 78 38
59 52 76 14 52 46
51 19 44 67 41 13
41 45 7 9 33 68
21 43 43 32 38 59
70 18 72 62 24 55
17 44 46 21 24 2
47 79 17 25 77 57
60 41 73 56 67 22
15 15 80 17 74 5
15 32 23 77 1 29
26 3 23 33 44 6
34 37 14 58 27 27
18 47 17 12 38 61
39 63 29 31 17 33
70 48 26 40 23 38
18 8 6 8 19 33
7 18 62 58 23 23
14 3 51 14 72 31
58 60 4 56 46 24
32 3 2 7 11 23
26 49 47 54 73 14
43 4 1 77 18 7
40 31 65 74 39 31
63 20 70 7 49 45
67 57 59 60 10 17
13 71 66 2 13 10
12 21 52 36 44 10
40 22 67 23 29 18
77 54 76 76 26 78
16 4 8 71 3 16
2 12 28 27 76 68
27 44 61 37 45 73
61 68 76 40 9 55
3 10 59 65 36 71
23 36 62 51 37 14
9 36 10 7 3 19
8 28 46 47 52 4
1 74 41 44 26 60
15 80 45 61 68 19
20 36 69 20 22 41
63 78 58 60 78 8
5 11 77 20 51 4
76 38 55 76 32 76
6 9 5 54 35 28
66 30 30 6 66 8
19 69 39 21 32 71
27 77 15 48 56 63
72 39 32 57 64 57
16 76 77 66 62 64
12 16 41 9 31 55
17 53 38 48 3 38
41 30 26 37 14 56
10 9 52 13 7 73
77 66 26 39 69 53
78 29 42 17 55 53
13 65 57 32 25 35
75 26 33 53 32 25
60 75 13 27 58 6
67 17 50 60 14 17
15 44 40 1 53 11
76 36 7 22 54 62
71 74 6 71 48 18
39 78 70 5 49 21
34 78 64 54 25 61
75 23 22 72 17 55
59 12 22 51 58 19
43 65 71 77 73 44
10 10 76 23 1 55
31 41 18 38 52 11
48 58 33 13 24 7
2 76 51 12 31 80
58 10 72 36 21 44
14 46 8 30 60 77
52 31 66 30 66 29
52 76 22 16 16 38
29 41 44 70 7 31
16 32 52 47 12 78
66 54 63 32 21 57
6 60 67 19 68 13
41 39 8 44 47 11
25 26 60 14 70 29
42 80 56 64 70 12
55 26 39 39 6 18
40 61 66 59 31 20
36 45 18 72 65 32
16 37 1 68 7 36
32 77 63 11 56 60
3 22 1 52 24 7
64 58 5 34 43 62
9 52 52 12 64 51
38 49 53 36 66 31
63 44 31 23 68 20
46 1 54 18 59 5
50 7 71 22 23 1
78 72 1 50 70 35
50 62 37 41 14 14
8 46 72 70 12 47
80 63 8 11 39 5
59 31 69 21 16 68
59 17 48 22 35 9
60 70 47 31 13 16
72 17 10 34 38 56
58 61 55 11 47 61
66 7 55 40 44 10
54 60 52 30 70 20
51 77 5 60 46 6
20 11 38 67 48 66
66 65 2 67 42 77
59 72 29 79 34 16
51 73 11 49 57 32
2 19 21 18 9 8
60 60 43 42 33 33
49 9 45 46 32 24
39 1 41 19 54 45
1 43 26 36 11 33
80 75 13 33 15 32
46 50 5 9 25 51
49 15 34 50 44 40
44 19 55 23 67 64
17 11 5 57 70 65
19 15 49 18 11 10
7 17 4 34 47 65
32 39 69 60 19 71
37 9 2 7 67 37
15 72 12 24 27 48
12 17 43 28 17 45
77 39 18 72 6 75
48 74 45 78 2 54
2 77 64 27 26 59
64 18 5 60 49 39
42 45 41 72 28 41
69 65 54 8 59 61
16 51 27 73 54 64
16 64 53 10 9 60
22 37 79 20 28 1
45 40 15 44 54 17
67 41 4 76 73 46
72 75 8 73 69 47
71 14 41 42 12 61
3 66 37 12 18 37
67 48 31 56 35 12
32 43 7 5 61 47
42 1 52 2 29 49
16 56 15 23 54 74
19 10 12 14 20 22
39 67 50 23 1 65
50 4 65 80 47 13
54 45 23 55 47 62
33 56 7 76 37 67
78 14 23 29 41 48
45 50 27 46 12 22
74 79 8 75 71 54
41 4 41 67 65 38
19 51 17 6 6 4
41 47 52 78 47 64
65 29 80 46 65 39
59 36 56 59 37 65
28 10 80 25 51 52
77 12 31 12 16 27
73 77 26 70 77 39
43 57 62 61 45 66
48 29 47 48 76 65
42 13 4 9 75 63
51 29 52 19 55 20
80 68 30 56 10 26
59 80 11 7 10 31
69 4 36 79 4 65
44 36 26 7 65 60
6 71 41 17 70 41
54 2 32 5 79 34
21 80 6 4 12 11
53 64 45 45 36 18
64 3 62 54 13 53
35 79 30 65 12 54
59 72 10 32 54 64
25 76 71 74 57 49
39 22 24 65 74 57
4 44 32 26 54 39
25 58 1 78 73 5
34 23 79 75 80 63
38 13 35 26 65 32
15 56 25 39 8 41
12 54 54 75 50 76
6 62 49 49 42 16
30 74 42 35 31 69
23 45 59 7 34 22
61 61 18 60 29 77
21 69 66 21 5 71
3 80 26 6 43 65
50 79 12 41 4 4
35 69 44 6 21 1
13 47 25 65 16 23
68 36 30 72 1 70
21 49 65 72 37 45
62 27 33 25 74 60
53 70 68 67 72 79
64 26 74 55 34 37
4 22 57 34 33 28
15 33 35 21 2 78
37 70 49 79 65 54
40 79 75 6 33 19
59 42 23 42 52 5
22 1 73 29 37 80
27 5 57 51 79 4
12 29 61 78 74 72
7 40 36 18 40 49
3 22 56 63 37 78
16 65 52 36 32 31
24 70 7 25 49 44
68 50 68 51 76 25
10 12 36 38 6 50
15 30 3 70 57 69
14 64 79 75 53 11
75 7 48 56 17 8
73 56 14 58 68 69
46 59 60 19 1 37
5 58 16 54 4 23
52 34 56 50 10 61
50 5 1 51 58 43
80 69 64 31 34 5
71 62 60 1 17 13
27 49 38 58 30 40
59 15 64 78 10 66
58 11 5 41 40 69
63 68 50 48 67 41
6 66 26 54 34 55
41 8 23 16 12 6
73 32 21 31 3 59
11 69 77 13 36 15
74 66 47 30 67 1
7 22 51 57 2 8
29 11 76 47 23 52
23 51 15 41 12 39
54 80 23 59 59 54
33 72 34 71 41 66
64 68 46 70 74 14
61 10 7 41 32 46
74 27 78 63 77 57
45 75 4 12 9 69
36 53 76 3 80 79
28 44 57 17 69 58
4 56 63 44 27 19
18 38 42 44 76 29
32 13 34 38 6 71
71 42 33 22 48 65
22 8 14 56 12 56
36 33 50 79 12 71
71 26 34 47 37 30
43 46 31 32 78 57
3 51 77 77 66 5
21 19 30 32 68 64
17 39 39 5 42 48
18 20 58 27 4 34
80 2 27 13 76 41
22 39 35 51 10 10
33 18 70 7 7 78
3 3 53 34 61 65
23 19 72 24 16 47
17 6 30 74 67 50
6 57 72 25 35 18
38 44 49 75 7 79
77 43 56 35 25 27
48 53 58 80 18 7
53 30 44 63 6 62
31 25 33 61 7 52
19 75 49 78 65 13
70 40 67 33 48 19
45 4 39 27 42 34
74 34 18 53 18 56
66 74 63 56 68 12
70 19 59 79 76 52
65 13 59 25 77 75
52 25 24 12 37 37
56 9 80 19 71 18
25 73 35 71 40 10
3 53 73 47 29 45
14 34 72 3 39 9
35 27 42 49 50 77
42 73 8 46 49 47
52 17 62 3 33 9
6 74 55 36 9 67
17 25 4 27 8 74
36 23 23 7 19 7
34 56 57 68 17 25
48 16 51 11 15 64
6 46 35 47 14 72
37 50 69 45 74 75
9 69 60 65 18 2
17 57 46 30 59 79
37 72 24 38 63 59
48 72 61 72 44 58
78 68 4 35 19 71
64 47 49 34 54 51
12 20 27 50 32 6
74 34 29 38 66 13
37 70 57 27 23 36
62 55 72 22 60 71
66 50 74 60 56 28
17 45 38 16 73 21
29 26 75 74 79 24
2 45 50 17 32 71
28 76 34 7 52 14
56 55 55 35 76 26
15 49 29 39 13 19
16 19 6 10 29 15
41 37 46 30 69 31
7 40 41 62 72 51
16 70 15 27 6 42
9 53 1 12 20 75
54 73 55 56 66 20
1 70 16 20 70 30
26 67 37 57 68 38
29 60 17 44 55 20
80 52 62 79 1 21
11 76 60 55 7 37
20 8 10 13 44 65
30 33 41 26 61 65
54 24 55 8 67 80
39 38 79 68 40 60
30 24 8 3 31 65
60 9 60 17 65 38
52 22 8 55 25 68
21 49 34 11 45 53
20 38 60 35 79 40
39 32 45 13 59 5
59 19 20 45 71 45
14 63 45 41 6 32
76 38 54 76 36 28
45 71 52 8 16 43
65 45 28 8 9 70
39 30 39 38 27 66
66 33 40 4 27 11
56 54 52 50 43 79
67 1 27 40 24 8
66 52 44 70 24 61
9 9 40 56 19 27
35 19 77 78 77 73
7 21 49 27 42 11
1 77 51 53 30 46
30 31 76 35 4 2
72 58 73 9 28 6
52 4 75 54 3 13
46 34 52 55 38 42
21 4 72 22 37 3
53 61 60 64 52 68
76 38 57 40 67 16
78 16 14 24 43 52
31 70 55 18 17 58
73 69 19 58 58 53
49 34 24 57 80 5
6 27 12 51 22 12
27 5 14 1 18 50
52 72 69 63 39 26
8 10 18 36 64 64
10 59 35 9 52 69
43 11 12 64 8 37
25 25 9 71 21 22
23 75 43 49 18 72
53 13 3 52 71 26
68 79 21 71 70 43
33 20 45 68 54 22
75 47 4 71 43 80
4 69 12 54 7 39
78 18 40 54 42 47
23 41 77 27 37 76
53 11 57 50 77 79
70 33 49 25 4 35
28 53 60 79 46 53
5 66 53 50 2 51
51 41 49 35 37 34
69 70 51 9 37 22
5 15 59 38 67 53
43 78 4 63 53 59
25 75 29 68 17 68
53 21 28 21 8 60
8 65 72 67 24 70
62 79 6 80 80 59
44 71 31 47 31 38
53 19 67 14 63 35
61 9 12 12 71 56
37 58 10 45 21 56
18 61 77 68 57 19
64 77 74 23 78 61
15 17 8 5 9 32
38 79 45 48 17 72
28 28 52 22 58 78
77 54 42 26 76 75
36 61 10 38 55 65
61 5 31 24 79 63
25 80 15 14 25 48
44 40 24 36 69 35
61 29 24 59 1 30
34 59 2 64 42 17
40 74 61 37 29 23
26 19 70 47 6 10
71 1 41 55 74 45
27 12 34 3 27 77
76 48 33 2 11 56
69 35 52 26 61 5
61 67 5 17 64 48
52 30 65 78 71 25
27 37 65 2 58 74
29 1 12 31 15 10
34 72 46 14 36 62
4 73 16 24 52 79
23 22 70 22 30 68
10 40 6 36 2 47
72 8 73 23 25 68
16 9 31 60 33 15
68 50 7 32 53 17
79 37 4 50 27 31
12 65 28 44 36 43
33 54 30 41 41 19
14 58 74 73 75 65
31 39 36 11 39 61
50 57 43 48 26 80
23 58 72 75 28 20
23 44 33 36 79 1
10 9 4 32 37 66
56 50 63 41 30 71
20 37 58 9 14 49
4 49 43 77 47 45
70 2 34 78 33 42
66 10 64 41 3 5
77 34 60 57 72 5
38 1 20 23 53 11
39 25 5 60 72 8
24 6 7 13 13 21
46 13 47 58 4 59
79 35 79 28 16 52
48 75 17 17 73 28
43 57 50 65 32 72
16 18 13 78 21 28
30 27 53 32 15 40
69 45 26 59 73 35
24 2 32 26 32 37
29 26 32 77 6 25
39 27 73 4 22 53
20 48 2 51 54 14
4 50 11 16 50 15
55 5 69 50 24 43
35 25 50 79 14 2
43 8 5 23 53 17
11 75 16 27 68 48
61 65 78 2 57 73
56 5 17 16 64 17
55 42 77 60 43 71
73 69 26 65 28 1
4 70 20 48 61 49
29 23 36 24 44 22
14 43 25 71 9 32
9 60 21 78 30 31
33 77 45 56 57 69
80 75 71 52 12 78
21 69 62 32 69 19
8 41 32 76 26 39
72 24 71 49 36 6
59 40 40 8 37 27
53 62 70 44 40 43
72 54 67 80 66 64
29 36 77 6 26 55
18 68 73 16 46 60
68 29 21 15 72 61
66 28 75 33 79 60
70 21 48 10 39 47
47 53 27 9 3 51
32 16 41 27 50 72
55 48 72 25 47 29
27 10 2 16 10 35
12 15 53 33 54 54
50 65 2 54 51 59
42 37 29 31 63 72
42 45 67 24 63 12
38 6 21 12 31 51
18 8 30 17 26 60
38 22 9 20 56 57
64 54 33 37 18 45
13 78 73 61 56 7
28 20 70 57 12 58
31 7 17 45 11 17
67 30 34 76 62 4
52 30 66 55 65 77
2 13 45 73 63 6
2 58 27 31 16 36
6 79 23 55 62 66
12 43 20 10 26 13
57 12 55 70 75 53
43 17 27 18 27 69
41 38 19 60 78 24
24 21 10 41 58 23
44 65 42 49 43 47
39 24 21 80 60 73
13 60 79 48 37 1
45 26 21 3 10 67
55 64 27 29 77 17
29 43 4 77 11 71
72 77 14 39 67 78
76 60 18 15 65 63
22 58 30 23 41 36
44 59 79 28 8 68
38 70 24 32 73 18
7 62 37 29 27 51
18 26 60 32 9 76
20 80 23 14 45 37
69 53 45 66 6 63
7 19 35 77 19 17
14 32 69 25 2 73
34 31 39 66 66 34
45 62 24 7 66 47
33 48 11 20 35 44
23 19 47 28 45 7
71 27 44 43 57 65
66 46 50 49 49 62
22 24 3 71 57 56
42 75 37 57 37 67
45 68 39 35 18 29
42 49 7 22 70 44
56 59 2 38 78 5
42 71 8 9 4 2
25 71 66 47 43 28
62 12 54 29 37 62
19 56 35 21 72 62
17 62 66 4 15 75
6 48 32 18 38 78
69 62 61 27 34 59
28 51 3 61 3 28
58 54 37 5 31 72
67 42 29 51 76 16
80 29 10 76 56 36
37 63 11 72 60 70
69 62 43 60 46 17
47 45 63 34 17 39
16 27 33 33 53 2
66 5 11 51 61 76
1 9 59 46 22 64
45 63 2 74 63 18
43 47 77 37 75 35
64 51 10 63 18 74
24 58 58 6 57 4
77 66 49 11 32 41
36 5 48 40 42 55
75 64 21 5 70 9
63 5 3 40 44 69
6 48 64 38 9 1
13 5 1 2 77 38
2 44 78 75 58 68
43 77 28 66 74 39
19 21 2 50 34 14
51 45 2 64 64 16
37 17 44 18 51 2
27 2 13 23 44 39
54 53 38 57 52 20
78 55 66 59 7 38
38 8 58 42 5 6
26 38 20 23 7 2
43 65 19 20 14 63
65 80 8 50 2 20
33 80 18 24 55 7
55 65 45 41 23 6
36 15 53 52 17 1
34 19 17 43 60 68
42 74 74 45 54 17
32 72 22 59 44 32
16 11 69 56 30 45
23 25 27 41 27 9
55 72 5 59 64 39
49 71 40 59 66 70
33 16 25 62 22 58
23 19 3 77 66 28
22 44 79 60 72 7
30 44 46 23 68 46
50 61 3 2 33 6
21 27 15 74 45 48
63 34 3 54 20 9
63 72 33 20 1 41
27 24 40 2 59 39
34 47 11 51 22 25
56 66 57 33 28 51
49 11 40 51 47 65
7 29 57 36 2 73
53 52 9 22 78 2
79 50 20 17 24 12
46 52 47 8 66 5
50 79 41 67 2 59
79 74 7 64 75 79
30 78 17 20 41 70
7 53 29 48 59 58
53 61 18 62 25 9
49 43 64 40 36 13
53 1 3 63 53 25
79 80 28 7 49 77
64 4 30 22 79 66
7 14 55 42 76 11
26 59 76 69 56 26
14 13 56 23 16 65
33 9 59 49 21 7
14 5 56 64 63 25
39 4 34 13 14 40
63 36 5 37 29 26
42 80 34 43 11 24
70 14 25 26 38 49
23 54 73 66 10 76
1 7 68 11 76 25
53 5 57 38 70 56
1 54 63 24 48 40
61 71 54 7 70 79
55 21 66 34 19 43
41 38 2 74 58 69
74 45 46 76 35 72
29 9 41 53 22 30
58 43 33 33 72 41
66 15 7 30 62 7
56 44 68 70 10 80
69 58 58 47 68 40
73 78 24 72 66 48
34 28 55 78 60 40
13 55 10 16 57 54
37 72 3 57 70 24
55 6 16 17 49 8
20 67 62 57 4 14
12 52 50 26 46 17
14 11 15 11 70 78
27 36 7 34 47 73
51 38 74 80 27 39
33 27 63 29 3 53
41 11 24 31 16 49
56 1 19 52 64 67
60 46 9 4 66 65
1 55 22 40 69 7
74 68 76 78 2 27
72 29 73 62 15 40
11 76 75 64 73 66
65 66 33 74 67 48
64 3 30 66 42 68
22 22 11 65 44 14
56 74 79 2 49 26
70 26 77 63 44 78
50 36 26 47 10 39
73 7 2 26 22 64
51 70 67 13 56 48
54 77 73 51 77 55
34 51 45 22 10 70
20 5 36 48 61 44
72 36 15 78 32 12
70 17 31 25 48 29
10 3 47 69 41 46
10 28 33 39 39 58
69 61 57 22 70 60
33 67 66 44 27 47
4 56 43 76 71 74
32 30 27 2 54 39
10 77 66 42 3 73
51 30 2 77 48 44
56 17 49 11 1 54
50 56 44 75 75 17
45 56 39 34 55 69
40 77 11 5 68 7
54 3 53 76 16 79
55 54 77 6 14 55
68 5 49 37 61 21
28 46 49 70 53 29
66 47 79 35 44 10
34 14 69 13 67 2
15 57 38 34 29 50
13 78 58 64 77 31
39 8 75 16 48 33
79 22 13 36 36 48
7 70 40 79 46 65
58 10 43 18 10 12
68 7 29 69 29 32
11 42 24 76 62 61
30 77 12 6 68 33
22 73 15 24 61 41
52 79 20 49 1 64
6 36 68 36 41 14
9 19 73 22 77 31
3 54 26 14 13 29
77 6 15 53 39 68
39 13 78 15 2 56
51 54 66 67 43 63
37 74 61 29 55 75
27 40 62 65 45 80
8 10 6 13 49 63
14 31 32 67 59 37
80 23 38 11 50 40
31 61 47 74 8 57
4 69 61 13 64 70
14 77 33 2 16 56
39 72 17 9 30 41
68 19 38 36 44 25
75 62 37 10 16 5
45 26 54 37 49 29
22 7 25 16 29 40
65 19 61 33 20 41
80 20 34 48 68 33
43 75 39 14 59 10
60 5 50 56 74 69
76 37 50 18 66 77
31 51 45 44 43 3
37 19 71 41 53 74
13 69 26 19 33 49
42 60 67 36 10 7
62 12 77 47 4 46
