1000
85 15 22 22 52 12
6 43 72 10 78 36
19 83 83 81 23 50
10 69 50 72 50 18
29 12 32 46 42 15
4 67 8 66 83 3
30 31 45 74 32 32
31 15 72 29 14 61
31 76 73 26 73 24
58 12 84 45 6 65
81 3 53 78 74 86
85 77 56 70 55 48
65 27 90 30 44 50
55 31 51 15 64 43
71 85 83 27 26 73
55 81 34 85 30 40
4 85 4 55 63 66
45 50 83 80 57 39
63 83 50 42 7 55
1 35 33 78 54 27
20 55 83 48 60 74
55 87 89 16 69 64
78 66 82 8 89 83
87 12 69 55 48 24
43 21 52 68 67 67
19 29 42 86 14 47
8 73 87 39 83 48
82 32 33 42 40 67
87 8 13 14 77 40
54 46 79 29 58 39
89 42 49 65 81 13
17 54 81 5 83 15
74 74 10 15 12 6
56 45 72 62 21 25
16 41 30 15 63 71
67 81 73 53 17 24
31 17 8 44 75 40
2 29 51 19 37 57
70 70 63 51 63 87
4 80 10 58 88 22
19 30 16 33 84 87
41 50 68 61 49 55
85 44 84 90 19 17
25 59 45 60 74 41
61 56 20 64 22 49
29 22 65 42 41 53
12 86 50 68 35 4
55 64 37 44 74 68
48 84 15 17 82 5
24 53 44 48 84 90
52 89 84 42 13 78
72 14 65 68 77 57
43 37 25 28 71 30
83 20 45 30 23 45
48 57 31 30 45 11
4 45 84 30 33 14
48 22 14 25 6 65
74 6 27 31 35 65
33 74 87 41 63 78
83 43 43 66 26 53
49 39 45 88 72 66
55 49 31 71 26 11
4 61 62 56 32 23
43 43 7 45 84 72
69 13 22 23 19 5
43 31 72 84 7 27
70 10 25 12 87 24
77 36 11 13 29 36
77 73 38 70 82 64
46 89 21 81 11 55
17 45 67 50 44 43
24 43 6 13 72 21
34 78 42 86 42 10
85 64 35 81 29 78
41 64 54 13 23 10
20 57 61 63 40 7
27 66 15 42 38 44
89 74 45 5 25 33
14 49 49 67 60 84
60 72 19 1 15 62
35 59 82 90 37 83
89 1 38 86 50 68
31 18 38 37 33 30
78 71 36 58 7 33
41 17 31 43 47 30
1 11 88 16 28 30
64 39 21 81 69 4
48 71 56 48 41 74
61 27 32 33 71 4
46 85 51 34 29 73
12 75 33 18 26 88
78 46 86 49 82 73
28 86 67 18 82 1
25 18 61 75 54 82
78 10 28 77 52 16
28 17 55 42 4 83
78 76 16 45 65 17
47 36 37 63 19 72
31 73 8 3 19 47
29 77 85 36 75 13
64 88 40 8 5 81
42 31 6 62 24 27
4 53 61 9 45 57
59 4 11 55 86 19
57 89 56 1 64 54
85 69 4 6 80 43
74 32 36 85 89 71
67 8 68 65 57 76
90 9 33 23 45 68
40 54 41 83 80 44
24 39 65 12 82 78
45 80 48 58 80 78
18 60 39 25 75 10
47 80 34 1 83 30
7 83 61 5 89 59
83 69 53 6 66 37
21 77 50 5 85 54
68 55 86 6 40 68
52 62 11 69 5 64
44 39 32 70 35 20
39 76 29 28 22 28
22 63 27 88 8 37
50 7 71 88 30 50
11 20 52 48 29 32
57 76 79 27 63 28
3 64 52 30 59 14
45 6 17 35 8 6
69 72 43 32 38 75
4 40 60 24 6 89
59 70 84 73 75 53
72 49 34 23 19 12
13 50 12 90 89 18
17 65 8 60 81 65
84 75 70 27 86 83
4 51 74 28 85 48
65 51 64 42 2 28
54 26 33 13 38 83
5 88 72 26 69 21
71 20 83 21 62 61
84 78 83 14 59 20
70 34 65 15 1 46
69 38 79 72 47 66
50 32 72 14 24 75
34 45 7 72 12 26
18 25 64 69 77 83
57 48 58 47 17 7
83 37 54 10 86 11
88 32 9 9 35 41
29 52 61 81 1 1
45 40 19 17 27 31
44 33 56 85 37 21
32 38 27 33 3 44
16 81 50 90 45 12
54 57 24 67 71 2
88 57 33 55 3 31
56 5 29 66 32 4
83 3 10 12 23 84
24 21 11 22 81 28
2 14 82 88 86 43
27 31 50 64 78 47
56 41 82 25 50 34
75 47 1 1 25 61
10 86 9 58 14 6
88 56 16 37 2 80
59 67 16 69 11 75
27 38 24 40 84 68
27 5 68 56 22 34
80 35 62 5 53 3
69 5 34 63 9 46
62 77 15 79 84 53
42 47 52 88 49 64
39 3 22 78 34 35
49 15 9 10 57 36
31 21 36 57 89 63
21 46 73 13 84 24
78 77 58 89 88 46
31 82 11 29 28 21
85 34 58 53 57 76
85 36 4 9 24 44
88 65 7 68 20 12
23 27 67 60 69 76
83 49 26 22 27 67
39 1 79 12 60 83
55 54 59 57 13 60
34 62 53 88 24 84
13 21 19 62 5 71
33 59 1 5 27 47
43 51 7 47 20 50
23 43 30 51 24 41
51 66 7 53 6 81
78 10 86 50 42 64
76 71 40 85 30 87
90 10 15 69 39 3
54 48 19 27 66 83
33 39 86 6 84 19
1 90 37 19 41 76
12 56 26 2 47 24
82 46 36 90 36 11
89 51 79 13 63 55
64 41 63 62 40 76
64 22 38 44 90 53
19 7 36 6 81 8
59 81 66 52 23 46
24 37 59 38 8 3
80 68 89 54 82 8
51 70 43 71 13 79
59 22 40 63 6 48
52 51 64 2 80 38
19 36 36 14 70 68
85 78 29 16 5 52
60 81 52 83 36 8
90 57 43 4 19 73
60 71 71 7 19 86
6 5 58 43 22 51
23 61 79 63 38 8
39 6 34 85 19 16
7 68 85 17 44 66
56 3 2 35 58 7
36 62 68 21 66 48
41 80 2 16 83 65
34 59 15 3 49 56
12 12 1 40 62 84
21 62 5 6 78 88
87 7 59 78 50 60
41 9 80 1 33 87
19 59 19 32 25 33
9 37 83 14 39 52
23 66 43 77 12 13
78 84 87 11 67 11
76 88 17 47 77 52
24 62 46 44 26 37
58 38 43 3 66 41
28 34 44 35 23 63
8 54 8 43 29 22
11 11 21 45 65 6
59 16 86 4 48 78
79 18 27 68 75 67
65 42 28 41 2 20
34 33 24 55 27 62
89 46 66 67 23 8
54 32 40 23 71 35
61 9 59 79 78 42
35 17 72 19 28 14
79 84 50 11 6 24
7 85 58 23 29 31
90 74 35 8 12 38
43 16 72 24 54 22
80 60 37 63 56 90
74 38 54 30 62 73
53 43 8 25 33 18
54 37 21 45 81 18
62 20 57 68 31 30
59 65 30 75 46 74
60 44 15 63 15 27
5 44 33 36 59 74
81 55 43 75 59 74
60 32 39 88 53 76
68 41 88 23 36 38
41 90 32 81 52 49
6 32 14 10 49 51
2 13 89 23 49 48
66 33 20 30 10 43
52 79 21 29 79 52
14 48 51 5 57 58
8 25 47 67 17 41
56 50 82 18 38 19
22 83 34 26 41 30
51 79 47 74 41 60
61 58 73 72 8 83
4 76 16 44 52 32
18 68 41 7 11 51
27 49 89 29 82 11
22 52 68 80 13 74
79 3 76 41 18 77
12 60 35 80 85 82
45 32 46 74 20 82
47 86 5 87 32 42
61 49 84 35 69 87
32 47 56 82 1 65
15 15 52 27 32 27
4 60 59 42 31 86
27 61 25 41 78 56
4 39 90 32 3 1
61 24 17 60 37 32
40 44 84 40 74 68
49 71 52 14 88 22
90 52 11 83 22 24
9 61 35 31 15 53
28 18 55 75 29 67
53 49 10 6 30 71
9 65 23 10 77 8
13 3 21 71 35 54
66 2 8 9 57 71
17 49 10 17 4 79
90 51 83 90 28 18
62 17 21 49 73 83
12 47 39 74 81 17
40 12 8 73 33 27
41 84 51 79 90 54
32 42 24 73 36 30
11 57 30 30 20 57
16 36 79 60 13 55
11 31 29 54 78 64
84 34 47 89 1 84
39 45 54 84 47 74
71 34 55 85 42 74
32 82 56 45 10 74
10 84 24 58 89 57
16 45 6 68 66 31
1 19 72 27 55 46
58 71 2 4 59 42
23 44 55 38 67 61
16 64 20 86 86 20
39 32 46 31 85 77
10 34 48 75 56 69
52 87 16 77 22 35
32 40 36 84 28 6
12 14 34 42 89 52
3 11 67 60 28 76
85 33 72 22 35 3
41 25 33 1 63 83
19 77 9 31 74 85
62 46 86 1 25 18
8 73 76 6 86 50
51 80 54 59 51 32
85 34 77 32 74 59
29 25 87 46 58 85
74 15 78 28 76 17
13 32 32 9 1 29
3 42 5 70 37 59
33 68 42 57 49 27
80 26 59 19 39 55
30 25 66 5 40 65
36 31 12 38 54 11
12 87 86 4 50 15
62 57 79 61 24 86
79 53 44 65 35 30
38 57 87 25 77 86
72 38 74 70 58 76
34 30 16 41 68 55
1 43 42 45 52 69
51 88 47 3 52 37
17 69 68 8 41 69
21 18 81 55 21 36
82 74 80 12 57 44
76 38 34 90 53 37
28 61 7 49 41 42
28 40 7 56 41 63
34 25 16 87 38 35
13 70 17 32 72 53
62 17 21 54 75 34
73 45 59 41 79 54
60 48 38 2 48 26
58 83 86 6 88 78
55 89 15 53 48 63
52 38 21 59 19 89
34 29 22 19 29 38
3 34 42 30 40 1
25 48 58 9 84 61
90 3 61 58 24 39
39 45 61 26 22 12
1 5 67 42 61 44
38 65 20 89 46 7
71 9 61 12 90 2
81 33 49 84 3 73
1 6 62 29 79 8
84 83 57 63 28 38
48 46 47 45 90 75
90 72 59 3 1 16
30 23 50 52 4 64
43 52 68 70 61 59
69 2 66 18 19 80
88 19 70 70 69 53
81 13 33 11 54 45
72 61 8 38 87 23
15 7 20 46 63 79
35 83 6 53 56 33
18 40 69 26 73 17
14 20 69 23 27 47
25 81 70 35 15 58
16 88 72 50 89 65
84 5 29 51 87 35
61 4 71 23 30 29
46 87 22 81 56 48
16 46 33 84 1 80
64 85 31 25 16 57
50 68 39 39 82 69
64 71 85 26 27 26
28 73 89 29 61 47
87 42 54 9 90 61
4 30 46 22 83 48
27 11 24 83 53 23
64 39 26 56 47 69
26 40 39 74 9 73
82 3 46 78 39 59
29 12 46 47 47 52
24 7 38 59 81 88
74 66 62 77 1 29
38 48 2 37 46 32
24 50 60 73 52 27
37 57 31 1 41 23
34 46 86 25 84 85
69 2 6 81 47 5
22 58 25 56 86 5
57 83 67 67 37 58
72 21 71 21 60 52
45 14 48 77 73 66
50 45 11 62 38 40
24 60 90 52 63 15
34 41 73 23 57 33
46 82 12 49 49 47
65 30 63 38 15 87
29 83 88 63 8 30
74 90 17 36 17 7
72 7 74 26 54 65
13 43 59 68 78 14
24 48 72 58 40 62
39 56 22 38 14 50
26 76 24 88 83 42
10 63 48 13 36 6
90 81 46 84 17 83
84 33 6 43 15 10
16 74 82 10 24 52
9 77 67 57 70 63
48 29 58 87 87 88
11 86 40 62 58 77
7 20 9 55 18 68
27 79 16 63 36 7
78 81 59 77 3 65
72 36 63 45 1 52
78 69 25 60 53 26
21 8 30 6 76 73
57 80 57 66 22 65
38 39 26 69 7 53
45 14 86 64 87 57
30 58 32 36 63 82
35 20 68 48 71 26
34 59 56 86 27 82
25 3 69 89 90 42
69 27 27 82 88 32
44 4 27 17 47 85
57 12 61 27 88 88
48 37 61 66 54 60
61 87 87 48 82 84
33 81 63 48 61 22
53 40 74 8 69 2
76 70 34 11 8 61
42 8 1 26 75 76
26 47 62 57 82 65
24 85 32 47 27 8
74 9 68 40 14 58
22 56 15 70 66 6
63 52 7 45 86 59
65 75 2 43 43 2
85 14 80 74 1 49
55 84 56 10 35 80
4 11 4 58 47 77
24 37 25 88 78 35
84 21 86 52 33 54
65 12 73 39 68 44
47 16 57 8 33 54
77 81 53 35 10 24
74 36 65 83 27 54
7 66 46 38 9 67
14 67 81 86 65 5
22 74 17 51 14 80
4 71 53 68 62 53
22 60 30 3 23 73
52 36 80 80 26 61
30 31 39 73 20 32
40 22 30 32 14 67
51 23 45 79 66 2
74 2 90 41 82 24
39 46 41 90 20 82
53 10 44 31 35 89
81 54 10 42 19 69
10 45 51 58 67 44
69 34 31 6 90 59
11 23 23 20 32 73
45 90 21 89 75 38
78 52 4 9 23 66
50 6 10 17 67 18
41 57 72 80 74 20
9 49 51 71 80 32
13 74 18 12 50 23
54 45 31 13 1 31
12 79 64 85 42 90
9 53 27 44 35 88
88 37 67 35 63 46
19 10 6 17 34 14
72 29 34 79 84 85
75 50 73 56 11 37
81 34 62 56 47 5
8 59 40 13 81 41
52 30 31 87 35 86
52 87 65 17 67 6
67 19 43 17 55 9
77 32 12 57 9 40
61 76 1 13 14 80
54 89 42 72 6 10
73 79 50 31 67 7
8 59 30 69 40 72
59 81 35 22 52 69
43 77 78 17 43 5
41 89 12 65 49 54
4 63 72 63 79 22
33 44 46 87 27 32
57 52 72 24 40 17
71 42 21 84 79 81
6 22 37 1 18 62
74 39 66 68 17 4
49 60 81 59 64 11
89 28 44 15 52 30
55 1 69 87 40 56
33 32 8 46 41 21
68 25 10 76 12 40
71 18 24 80 33 84
40 31 30 40 62 12
61 6 22 86 87 64
55 67 38 38 38 42
70 26 90 65 10 22
75 5 75 70 60 64
62 8 28 15 18 2
9 19 53 9 32 19
39 31 30 4 72 19
35 17 39 51 16 58
73 68 83 19 69 38
55 74 36 86 33 7
9 86 11 77 26 12
69 61 41 49 39 63
12 37 38 47 33 34
7 58 25 67 27 7
60 45 54 51 69 8
57 1 68 81 22 39
28 67 59 15 66 42
30 61 9 79 62 64
26 80 73 7 76 73
56 64 60 58 7 62
62 48 14 90 37 64
39 65 31 28 45 44
70 50 22 37 78 72
68 2 56 46 13 71
67 79 13 38 85 66
69 42 84 46 78 58
17 75 64 81 63 5
31 86 6 90 28 79
6 5 10 10 83 67
43 80 9 66 36 80
30 86 61 80 42 51
65 35 40 82 25 8
78 4 10 82 36 73
86 31 46 67 52 6
53 23 1 81 57 78
24 88 80 75 57 52
69 63 12 75 89 37
44 66 86 70 71 89
82 83 80 44 16 49
11 43 78 80 39 41
70 53 83 70 26 23
38 53 58 24 61 22
4 31 14 51 7 81
87 39 43 45 47 76
43 59 42 49 46 1
66 3 83 13 77 56
25 67 5 56 48 84
6 61 41 88 67 32
2 86 58 4 78 11
15 75 66 3 73 23
79 19 51 23 37 81
10 41 64 13 11 46
27 27 68 49 77 78
80 9 68 57 79 83
83 14 30 16 65 41
10 78 63 42 74 89
47 81 17 82 66 1
44 52 13 60 61 82
88 75 73 49 27 54
19 43 55 7 90 37
26 63 43 67 33 41
71 13 10 21 10 60
88 67 71 88 90 44
12 84 37 79 48 90
74 61 68 88 88 76
46 12 30 29 80 23
46 9 37 11 36 4
17 6 14 26 38 55
21 81 9 85 31 48
28 16 13 44 90 48
74 62 30 79 32 61
17 83 5 41 45 65
66 47 9 39 18 54
38 2 84 55 31 20
55 28 87 85 42 70
37 49 87 48 40 83
57 7 3 9 41 71
80 21 86 75 13 88
68 8 85 33 90 80
18 16 26 43 12 84
60 19 21 58 36 57
36 33 18 27 81 83
31 2 31 25 89 18
2 58 74 4 67 66
13 23 48 43 42 68
75 36 52 5 2 79
23 51 27 45 15 16
29 90 10 63 25 44
75 78 87 76 50 82
12 20 47 26 38 11
65 9 52 82 1 21
34 10 58 34 14 30
58 22 69 81 4 19
81 26 74 14 64 12
14 55 48 26 74 79
13 3 44 77 90 81
24 16 70 13 61 72
79 57 2 27 42 3
86 60 44 70 59 46
86 8 18 46 90 84
89 6 31 67 5 43
2 57 75 33 74 45
33 77 11 21 41 51
14 40 18 83 29 44
80 22 8 63 1 55
51 75 71 72 57 64
64 12 90 52 81 69
37 63 34 64 4 40
89 43 25 77 56 79
77 72 87 73 19 49
7 64 74 34 42 84
78 82 87 53 88 28
71 4 34 14 9 87
7 32 6 88 54 60
75 6 55 57 61 32
73 66 1 43 84 5
14 21 37 9 88 33
50 78 65 41 10 7
41 3 72 5 79 21
2 73 83 21 58 67
60 63 35 17 79 82
88 85 72 20 6 66
48 66 90 86 68 56
68 80 31 46 37 64
82 69 22 68 28 23
7 62 19 49 84 37
48 30 64 39 34 47
83 35 13 87 56 32
50 68 75 34 74 2
22 30 7 26 68 13
84 44 85 71 81 63
30 3 7 15 12 27
68 73 29 76 69 45
2 38 4 36 15 22
20 36 11 3 11 57
45 77 86 26 28 45
47 82 30 69 20 78
41 63 21 38 26 79
20 39 72 28 3 61
63 43 41 71 29 48
77 56 69 65 80 21
87 7 68 3 72 16
62 58 85 76 17 42
15 75 18 63 28 30
59 27 18 18 12 79
45 68 2 53 63 16
10 63 7 32 62 56
8 31 24 75 52 26
35 74 22 27 51 20
59 59 63 90 3 43
17 48 28 32 40 9
70 85 26 20 19 4
46 68 56 34 71 82
52 44 32 76 53 74
71 45 26 77 36 37
71 30 19 83 73 35
84 25 40 72 61 33
64 87 71 18 68 78
9 19 30 4 9 72
34 38 51 5 74 42
32 53 2 82 40 82
13 67 53 80 75 29
64 1 49 70 12 77
46 86 33 51 23 64
43 75 52 14 3 86
64 72 12 84 43 68
38 90 52 32 36 4
29 31 48 47 62 56
55 42 60 79 19 14
53 71 4 3 84 23
56 63 74 49 42 59
28 80 6 88 69 40
42 57 24 86 9 81
77 84 79 85 77 52
85 26 40 64 59 55
4 71 38 20 17 5
31 16 3 12 88 69
56 12 61 68 14 66
35 75 62 59 78 49
23 15 13 76 13 42
64 20 27 9 65 25
36 48 47 35 37 17
23 76 27 19 35 27
19 72 77 48 47 51
27 70 90 21 22 76
89 40 18 69 77 85
65 80 31 48 37 32
22 27 85 2 48 47
69 43 33 55 28 36
31 71 25 39 84 47
29 16 5 37 55 61
80 63 68 69 55 77
64 13 88 9 56 80
53 1 36 76 14 89
84 74 90 46 87 46
70 39 85 72 13 7
75 48 58 83 39 35
19 76 34 9 74 48
16 65 41 20 25 41
10 66 57 39 84 49
56 16 57 27 27 23
86 90 40 20 12 18
27 8 16 56 32 48
11 79 11 54 69 4
5 31 55 4 3 88
74 82 9 69 23 13
61 25 35 73 73 82
11 38 8 69 11 81
45 6 21 49 59 58
54 62 53 23 79 61
31 42 27 59 65 73
10 87 61 89 31 47
43 54 64 34 38 74
14 41 13 68 59 40
12 10 55 69 47 36
33 1 40 21 4 4
52 33 37 64 67 35
43 39 65 18 20 19
74 11 12 65 11 14
10 36 37 38 27 54
30 39 88 43 47 70
62 79 4 9 68 56
32 1 11 40 70 46
45 58 33 29 50 74
54 4 45 48 1 54
62 4 21 16 9 86
3 81 83 51 68 19
61 57 40 31 65 32
15 57 27 10 14 20
62 18 34 34 85 53
35 37 77 42 85 3
15 82 67 43 61 46
51 47 34 23 51 25
75 67 14 10 83 81
49 78 34 71 90 80
34 22 46 80 22 90
27 47 43 75 1 36
11 45 87 41 32 83
3 20 66 73 70 86
52 31 81 65 16 5
80 40 83 64 36 66
3 30 65 78 67 61
32 82 18 53 49 73
78 27 9 20 48 80
46 5 85 51 74 29
82 17 28 59 31 60
49 48 74 28 62 83
42 13 11 44 43 72
18 25 45 40 27 51
63 34 6 21 30 28
76 28 35 4 56 5
57 5 68 21 27 18
90 37 29 87 45 28
34 69 47 17 31 60
19 90 85 82 32 33
52 3 79 79 61 35
35 52 20 86 76 75
22 65 78 10 71 89
7 21 30 87 62 70
38 58 62 9 69 60
40 16 19 82 55 2
23 39 66 65 73 74
61 26 36 5 24 75
64 31 39 32 83 57
66 24 8 48 18 53
36 72 25 61 50 49
48 16 43 9 11 67
57 2 40 17 75 67
31 50 64 59 59 31
41 79 72 36 26 41
26 57 30 1 56 68
16 84 35 56 43 29
53 90 37 35 43 20
57 18 62 44 35 80
47 4 7 61 56 76
7 22 61 10 73 58
30 44 81 71 22 21
17 11 15 22 21 74
40 64 64 11 29 70
59 37 52 66 56 87
63 33 19 60 4 22
80 27 60 66 21 54
59 67 56 20 52 57
85 64 14 9 17 10
34 56 52 5 27 5
60 40 39 32 80 38
45 25 39 59 44 59
80 15 23 30 35 5
49 44 88 80 8 39
52 60 20 75 44 43
81 25 30 43 63 66
80 89 4 35 21 16
24 6 52 34 12 52
62 62 29 86 36 34
47 45 65 70 59 26
60 86 23 82 28 26
17 31 81 14 78 50
16 73 27 55 78 29
66 11 71 10 42 71
15 82 20 18 31 3
37 22 6 28 40 89
44 11 90 61 87 23
75 34 82 2 50 51
88 27 76 30 80 66
44 74 29 54 7 4
30 32 81 53 25 23
8 56 30 53 34 57
89 75 46 61 50 27
46 32 16 1 42 87
67 83 39 9 23 20
18 69 74 21 65 63
17 46 17 53 81 69
32 88 47 60 57 2
75 45 69 80 85 6
69 11 70 32 24 42
42 11 79 67 76 11
29 75 64 22 77 16
21 33 79 20 60 20
4 6 20 46 65 8
2 17 14 46 8 85
25 2 79 13 17 18
33 39 75 18 31 81
11 24 71 15 50 53
31 39 5 27 46 1
35 36 2 52 72 19
3 33 57 49 69 42
15 69 3 65 11 5
87 18 65 33 32 45
80 37 21 70 42 13
7 36 7 76 51 61
79 86 30 2 69 11
7 80 52 72 52 58
87 24 66 54 78 3
31 2 75 81 70 82
62 67 22 21 72 8
33 7 37 18 45 3
28 47 60 1 36 76
4 28 73 22 29 20
51 47 22 56 72 28
46 3 20 28 41 21
53 56 55 79 17 8
62 10 89 9 90 4
50 13 8 3 77 10
15 32 73 32 89 21
87 60 21 59 28 68
89 18 19 37 51 84
54 64 59 60 90 70
1 87 84 25 78 65
49 13 60 18 87 18
11 81 50 45 5 21
9 69 56 45 45 20
8 62 12 54 70 87
76 54 62 64 83 21
13 73 13 88 80 31
76 59 31 23 33 48
52 27 85 56 64 44
29 76 49 3 40 57
30 33 42 74 61 37
52 48 30 77 84 34
84 33 19 65 69 69
80 90 83 28 74 66
29 69 38 3 35 75
46 33 86 70 21 9
45 23 52 66 63 69
40 4 22 22 45 82
59 63 88 77 18 14
85 41 90 53 15 46
82 52 52 76 2 36
65 57 17 54 75 37
75 72 78 82 40 1
22 83 7 13 81 24
56 6 43 53 84 28
57 4 45 26 59 83
62 75 47 63 45 59
24 12 5 81 52 83
52 23 53 90 38 82
6 61 90 7 41 75
11 78 40 24 48 16
3 40 47 87 3 42
4 23 77 13 11 40
73 27 68 19 49 38
79 1 1 41 4 1
39 28 62 74 84 52
71 44 32 20 52 28
42 76 15 62 47 36
25 65 30 86 34 75
74 54 18 57 13 33
15 37 46 14 37 3
70 77 36 36 57 78
42 62 56 53 65 17
79 44 66 8 41 25
47 88 21 21 27 40
27 22 72 41 67 25
6 18 6 27 29 57
38 7 8 38 80 88
76 26 65 39 61 51
29 48 62 34 18 41
22 54 18 13 59 44
19 18 12 78 42 48
12 68 57 3 38 54
31 8 69 65 62 18
84 66 47 28 34 89
73 24 2 38 56 13
78 4 42 20 54 77
22 70 45 85 12 42
22 41 72 72 48 43
42 27 36 10 64 15
1 86 8 53 80 82
50 25 52 12 12 75
29 31 43 84 28 34
14 59 62 17 28 68
12 71 87 12 85 48
59 22 45 43 18 66
70 30 47 11 47 30
53 53 80 75 25 47
87 40 73 39 24 9
88 1 61 20 80 52
73 34 46 67 89 70
40 82 33 26 47 13
68 36 49 73 10 38
48 71 37 47 11 49
52 65 40 77 20 24
9 87 88 66 78 65
71 62 59 26 46 86
74 35 49 44 31 47
78 86 50 72 57 63
69 18 77 82 12 53
69 52 46 46 16 48
63 64 46 24 54 35
3 8 79 20 28 23
57 9 34 43 89 74
80 38 48 2 15 10
55 68 6 84 83 7
75 4 9 77 6 18
25 53 89 3 30 71
55 14 8 67 65 75
30 52 25 40 75 7
46 62 85 89 21 43
16 58 12 19 29 51
34 33 27 21 73 20
16 68 70 9 76 9
83 3 35 55 3 53
66 9 51 47 39 52
20 21 81 41 61 8
27 63 9 80 80 25
83 27 75 17 37 45
83 78 80 86 63 62
10 87 8 67 39 54
2 87 20 21 56 85
82 89 82 23 59 60
13 60 61 77 8 39
31 46 2 51 19 54
23 37 79 53 5 50
13 9 13 65 80 2
59 86 36 32 85 20
87 29 47 71 7 77
13 47 81 58 52 6
4 37 84 23 42 16
9 62 89 4 54 50
8 70 34 57 90 89
3 13 63 81 74 3
24 37 40 76 70 65
37 48 90 77 28 66
13 72 24 35 31 29
51 14 46 89 12 90
38 24 19 27 21 75
15 76 79 12 47 68
89 82 40 45 39 71
54 40 8 20 62 86
67 69 62 49 38 36
43 62 58 60 30 25
32 46 5 42 45 47
14 73 33 88 80 88
9 71 41 6 33 40
74 30 48 74 89 55
62 75 41 4 20 53
29 20 8 12 20 62
9 89 53 29 62 9
86 44 69 76 59 69
10 85 85 80 23 42
74 22 65 37 21 66
7 77 2 71 6 21
