1000
4 100 8 35 56 84
16 27 32 93 57 32
96 71 34 56 72 51
27 71 18 16 31 64
53 57 97 81 23 65
65 58 71 31 87 74
65 55 1 38 66 84
22 50 2 87 47 37
94 81 54 48 39 20
69 8 16 82 43 25
19 97 15 33 95 2
54 20 81 49 51 100
66 77 3 46 9 58
92 13 53 68 53 78
91 45 100 98 57 29
39 95 27 16 79 88
12 42 92 97 2 43
5 9 98 22 72 53
5 6 83 60 72 28
100 64 95 6 74 18
71 44 63 12 31 83
62 96 43 9 56 95
99 87 28 92 36 56
29 4 49 90 45 77
35 74 45 47 45 6
68 98 46 2 7 48
81 35 81 99 21 59
81 55 21 31 41 14
93 98 42 39 47 66
42 77 64 63 23 27
64 80 24 95 63 59
27 67 57 5 77 96
100 83 90 39 19 18
18 58 69 99 34 29
69 15 9 75 41 92
74 43 90 36 8 92
44 50 11 5 42 55
14 59 19 87 91 80
91 33 35 99 37 97
100 28 59 69 19 87
60 3 71 49 62 44
56 33 36 89 18 44
90 96 16 14 35 47
53 68 54 53 34 72
92 6 16 21 40 18
7 34 95 1 10 37
100 89 76 49 73 25
79 53 20 90 69 50
41 47 21 53 98 100
23 79 19 55 9 100
22 10 53 59 16 15
56 69 50 21 14 30
95 1 99 41 60 27
98 40 63 82 99 8
12 38 61 2 54 90
51 33 21 36 81 55
17 40 65 82 35 68
22 74 27 16 67 62
48 35 14 65 94 49
2 92 47 13 22 99
36 49 32 62 73 3
37 65 75 46 72 97
47 64 20 88 97 43
5 80 13 1 45 59
75 97 58 20 44 36
20 40 37 13 28 42
84 22 28 21 12 20
22 20 62 12 43 2
58 88 4 8 92 48
47 50 98 5 10 27
59 45 77 22 68 30
87 13 25 22 96 96
92 63 74 83 76 46
62 61 39 12 54 86
75 50 90 3 81 3
61 61 95 31 35 2
73 60 87 77 50 51
96 32 35 8 17 83
2 68 26 44 6 39
59 5 78 42 3 58
13 61 25 27 90 76
14 82 5 98 79 98
64 99 81 72 58 30
3 18 14 22 58 91
43 81 34 47 74 58
55 42 10 67 95 50
22 82 86 85 54 45
67 65 98 3 21 66
2 25 42 36 54 11
41 98 99 78 90 59
56 47 8 8 4 3
32 19 33 94 74 24
48 97 17 91 69 6
52 74 33 84 70 45
46 68 17 15 60 17
85 63 90 90 60 61
67 81 36 86 15 26
19 94 58 22 27 57
73 30 24 87 17 77
27 56 27 51 59 59
36 68 32 25 79 79
68 69 94 57 27 69
56 30 88 62 34 27
78 87 12 21 94 88
16 52 18 37 42 79
35 71 42 22 93 71
36 32 48 62 29 95
41 85 34 95 75 46
41 77 92 100 23 10
17 77 94 61 54 15
47 32 3 68 96 51
54 64 9 46 95 7
1 1 14 69 20 13
65 88 50 86 26 19
87 16 72 14 60 54
19 36 70 68 64 68
52 63 44 25 79 75
36 12 81 75 76 42
67 51 81 88 37 6
82 70 39 52 96 23
17 45 11 37 72 60
17 72 84 87 72 47
7 82 10 39 6 54
69 62 31 100 2 83
55 72 35 72 97 81
86 28 24 68 74 16
77 76 70 87 34 47
83 34 92 63 52 100
17 23 80 40 66 57
87 1 5 34 78 52
16 55 63 55 40 19
20 21 59 38 19 72
6 26 63 22 25 81
28 57 86 78 94 37
11 34 26 31 8 78
67 11 94 60 25 33
40 96 6 47 27 56
75 96 8 19 97 39
14 93 20 67 98 51
65 3 24 62 21 50
75 63 19 57 57 42
62 1 11 83 36 45
45 3 83 10 52 31
43 37 60 19 36 86
45 20 14 33 21 24
85 30 50 94 15 2
51 1 1 54 94 60
8 50 86 71 72 21
21 44 32 15 65 39
78 16 86 28 32 69
51 50 74 60 20 18
12 60 92 37 20 80
72 35 15 59 80 65
16 52 37 54 40 97
83 89 29 71 50 32
77 76 75 16 2 34
78 96 64 35 18 16
49 93 86 93 26 48
39 65 43 99 97 58
71 2 68 5 40 81
78 4 9 71 49 82
24 39 3 67 79 74
90 85 45 4 98 32
67 93 70 90 23 21
12 77 87 52 19 3
87 1 43 82 1 15
75 98 31 72 22 13
70 42 100 89 30 27
31 36 17 10 90 91
25 46 99 7 70 63
41 65 48 21 75 88
19 3 35 45 40 93
41 14 23 43 100 52
18 70 39 14 49 69
25 36 66 82 73 95
64 29 69 100 90 8
54 68 10 70 17 21
72 41 52 90 34 6
29 85 1 81 42 75
96 89 54 42 87 92
53 64 40 34 15 99
54 87 95 74 63 47
55 19 100 87 37 43
86 76 97 70 33 35
99 68 30 50 88 93
40 12 75 46 97 21
86 37 43 88 45 63
48 51 70 60 66 44
55 8 39 80 95 7
7 72 66 12 87 93
49 50 27 10 74 45
12 7 30 35 46 65
81 71 25 20 64 8
39 65 16 69 85 50
16 95 73 57 28 5
2 65 91 50 81 38
86 21 72 38 34 59
53 31 32 4 56 43
39 12 13 45 86 33
47 76 18 19 34 30
91 31 52 16 16 67
2 24 2 95 58 64
96 49 50 56 69 74
93 74 85 44 40 26
40 29 7 88 8 89
93 15 54 69 60 19
8 38 25 61 67 63
4 34 81 61 24 33
31 76 95 1 66 93
51 87 96 77 97 94
78 70 15 14 77 100
99 39 4 81 10 88
36 24 19 88 90 61
8 60 37 86 36 6
82 100 11 38 3 92
44 46 54 9 6 4
77 4 100 49 95 61
67 56 95 32 33 48
23 6 95 58 6 65
18 70 86 68 23 58
36 95 8 90 4 45
75 19 39 8 2 53
63 20 35 70 29 33
44 30 13 29 19 4
68 59 38 62 97 56
77 77 74 91 60 10
73 60 76 38 24 37
78 78 57 2 3 91
5 37 94 76 63 10
81 95 26 80 98 7
82 17 51 4 29 20
10 30 80 13 18 82
98 94 23 21 40 25
19 25 23 95 3 26
2 27 52 56 4 80
53 69 47 75 18 43
68 32 52 11 84 57
94 1 80 98 81 24
10 100 61 98 52 5
72 41 88 27 96 92
90 94 60 79 99 27
95 94 50 30 72 37
91 19 81 5 50 76
72 73 30 71 56 15
3 11 34 93 37 30
87 69 92 30 20 89
43 42 76 18 60 91
60 7 54 89 32 75
62 90 9 41 46 20
51 81 13 39 6 83
87 7 36 43 45 100
67 81 76 15 91 40
50 86 43 64 46 10
89 83 64 59 54 3
37 74 96 92 1 96
32 16 51 46 87 72
85 50 81 6 62 87
88 82 1 28 52 65
8 1 68 51 79 24
52 57 97 74 20 86
89 88 6 73 35 67
15 40 5 53 66 6
76 44 48 64 44 56
34 93 73 21 19 34
83 13 57 64 17 69
74 23 38 6 8 22
92 91 20 8 22 84
68 51 90 56 82 4
88 50 1 40 43 56
3 86 71 32 33 26
4 9 73 51 61 30
55 63 27 76 85 91
43 30 13 83 17 51
35 33 12 74 45 61
100 79 19 100 93 18
24 44 4 54 49 48
63 79 59 76 14 70
86 47 59 77 38 2
53 61 29 14 78 77
38 62 64 47 69 16
48 31 55 62 92 42
34 65 71 85 99 23
12 69 33 74 23 18
47 73 43 48 5 93
41 85 72 18 58 4
29 25 25 31 48 73
43 90 41 23 76 49
39 23 39 11 68 85
63 100 25 75 19 42
74 98 94 85 85 57
41 75 30 32 47 8
57 20 2 23 57 60
95 75 71 11 28 59
69 98 14 49 94 94
58 20 7 20 8 10
11 62 65 55 28 90
75 68 53 52 85 26
88 66 20 68 54 19
9 89 55 31 67 55
88 91 27 4 38 45
38 47 41 92 22 97
19 63 76 8 67 90
50 52 85 54 87 63
70 32 31 57 73 26
66 52 31 69 92 45
90 11 38 19 93 14
44 1 70 91 41 56
11 52 93 74 100 25
36 47 24 10 72 59
11 66 44 12 2 23
40 62 92 82 94 14
72 69 35 29 48 92
60 71 16 62 71 15
68 30 4 74 33 14
21 1 33 61 24 12
11 6 99 40 2 43
36 23 57 63 67 3
63 6 84 98 96 79
60 46 56 33 15 48
24 74 95 65 61 71
32 81 69 34 83 70
70 87 45 32 79 26
58 28 37 40 37 31
54 76 93 65 92 95
53 77 3 46 72 83
29 14 84 45 64 39
57 89 70 21 77 35
35 77 60 44 97 22
26 41 76 71 43 59
28 37 60 28 1 65
44 92 88 38 18 77
28 77 70 49 4 64
30 47 73 69 13 44
2 20 45 83 5 50
25 74 41 47 75 40
31 47 95 91 57 12
78 97 64 68 37 24
14 23 30 36 14 56
52 5 37 7 91 21
90 33 62 78 15 98
10 64 48 35 16 36
83 28 56 31 33 33
4 90 73 66 83 23
6 87 86 79 43 85
46 23 28 56 19 31
30 39 18 60 72 42
21 87 55 64 79 40
18 5 59 82 28 75
93 51 93 27 67 1
39 28 81 22 86 86
32 78 93 86 89 6
60 80 55 46 49 99
100 40 37 98 48 97
97 32 23 45 85 82
21 58 69 62 20 40
21 64 50 90 60 72
36 41 55 62 43 43
50 60 96 73 49 55
10 81 10 8 92 95
30 1 80 86 4 93
46 62 4 70 39 46
65 90 60 20 65 78
60 98 53 9 58 46
35 67 46 36 54 37
97 65 95 38 46 61
57 60 10 82 14 28
51 14 99 35 97 62
3 52 22 91 73 72
79 36 13 79 15 78
51 28 58 24 95 42
62 66 73 46 98 46
50 2 29 43 57 88
7 21 54 68 43 92
90 12 95 28 46 74
40 30 9 55 47 92
66 8 86 82 55 65
45 36 76 70 24 84
20 73 70 79 54 91
61 86 32 28 40 43
3 69 46 62 67 93
17 97 31 40 45 84
60 74 70 83 51 11
41 48 41 93 7 91
52 10 24 22 67 91
67 77 54 20 51 35
61 80 46 85 78 92
11 8 17 13 94 64
67 58 15 76 53 72
31 26 95 92 60 62
96 72 12 83 16 28
49 20 28 97 9 17
45 43 53 84 76 79
22 68 23 14 25 86
60 95 95 4 85 33
87 76 64 53 18 7
63 96 41 43 42 8
61 11 22 97 71 86
78 59 52 15 30 89
23 33 81 18 80 49
13 76 92 84 77 16
29 58 65 28 48 56
3 22 54 80 87 29
64 71 84 13 12 8
5 25 17 79 8 66
70 41 66 13 58 27
91 70 34 65 83 42
60 96 77 51 21 10
17 19 52 46 97 13
46 75 36 71 62 62
26 57 89 43 75 81
22 78 82 66 84 11
48 74 75 85 55 11
92 100 93 95 52 76
37 49 74 20 42 66
93 68 96 98 42 5
62 37 75 67 35 12
50 3 21 2 85 60
65 51 50 90 82 50
28 30 78 10 26 100
67 12 74 86 39 84
56 24 94 85 63 12
10 83 28 13 94 96
75 47 99 26 63 66
20 98 13 60 2 55
21 63 80 84 97 23
99 9 6 76 80 15
38 5 49 45 65 38
68 68 24 27 69 63
43 16 62 57 55 81
87 88 78 66 36 92
69 56 72 73 48 40
46 80 67 84 58 96
52 52 96 17 32 77
48 83 26 29 65 74
75 10 26 73 65 80
99 55 75 77 55 68
12 93 28 44 43 43
84 89 92 31 79 3
11 84 54 32 73 23
2 26 59 73 81 53
78 96 77 85 10 23
13 38 27 51 98 94
18 35 85 73 72 27
74 64 25 35 35 60
18 86 49 86 95 71
8 81 96 59 65 30
12 84 73 32 13 73
51 34 16 54 63 4
57 88 42 100 41 67
63 90 13 64 40 86
57 87 72 36 28 84
99 57 83 21 81 84
41 21 98 17 10 56
83 66 4 80 16 25
59 10 28 74 51 41
88 30 59 29 95 88
61 78 36 25 20 82
86 98 71 14 57 89
44 74 76 54 88 86
92 18 60 41 45 66
37 44 18 95 84 51
30 9 38 75 57 57
58 80 28 52 3 98
81 94 13 34 15 86
64 54 13 31 18 25
75 20 100 20 29 16
35 19 51 18 67 9
45 67 19 25 67 14
17 22 38 95 17 92
11 7 9 63 43 81
55 81 46 61 77 44
41 1 5 81 78 11
35 32 87 56 59 53
86 40 10 48 72 97
19 38 64 52 59 51
9 46 52 100 60 39
31 38 31 13 3 74
98 15 26 42 40 68
8 18 68 74 84 52
71 11 91 22 75 70
30 15 72 65 100 71
82 60 95 75 74 54
3 41 43 26 96 60
32 58 23 36 44 34
33 19 20 93 85 40
5 45 68 25 14 96
7 42 29 15 54 86
91 75 95 9 31 56
63 49 98 59 11 12
32 47 27 90 27 88
94 28 2 17 87 65
2 77 97 76 51 9
79 9 61 56 61 47
31 74 29 27 5 40
64 69 89 43 53 62
41 5 87 27 95 94
7 2 40 69 74 55
16 77 68 92 100 92
1 58 26 69 63 8
27 62 65 80 28 80
9 89 22 18 45 51
6 18 59 67 99 72
15 47 92 2 96 29
2 24 35 54 31 98
24 90 64 55 11 66
88 34 57 45 2 11
70 65 50 94 72 14
59 36 58 18 59 89
83 33 66 58 32 84
60 63 34 60 69 10
59 89 42 19 8 99
61 53 55 36 83 29
27 77 33 19 69 49
42 84 87 89 73 98
40 52 78 72 29 72
8 33 90 9 86 99
19 51 17 24 25 49
27 72 79 92 2 35
15 78 63 9 43 2
93 34 84 91 49 33
71 37 99 44 32 72
100 6 17 23 86 37
65 43 98 12 87 69
26 16 86 97 65 80
15 6 64 71 84 8
53 44 47 67 6 54
67 18 88 83 56 71
47 2 31 5 91 84
88 71 75 81 4 50
63 34 71 7 52 100
50 72 20 80 31 55
24 28 1 40 42 42
82 70 86 97 81 11
83 24 20 14 34 7
73 72 46 2 60 64
60 25 65 59 79 64
33 69 27 41 62 64
31 18 74 77 56 45
92 77 99 68 85 11
67 15 92 35 43 98
93 25 38 80 39 53
40 17 86 11 62 14
73 91 14 80 43 95
19 34 14 39 74 92
25 84 99 29 68 13
93 71 32 90 13 95
55 72 83 43 5 33
53 38 39 60 19 9
45 94 69 95 64 92
21 29 16 80 89 11
83 42 15 41 19 34
87 55 38 63 77 47
28 52 70 7 12 75
18 68 32 51 22 37
56 21 53 33 95 59
6 94 48 91 73 63
33 54 57 86 2 61
38 59 12 58 77 68
62 51 33 72 14 7
35 38 28 34 96 89
77 1 73 51 1 24
1 28 68 70 34 67
13 15 77 8 27 54
4 73 29 17 55 35
40 87 55 44 23 38
96 64 4 19 52 5
55 98 8 78 92 53
61 2 14 75 43 55
90 90 49 10 94 17
4 99 51 53 94 61
87 42 70 34 30 49
61 11 79 42 83 100
92 77 39 42 38 3
24 7 89 8 39 33
77 63 51 90 63 75
99 62 59 32 42 36
41 40 28 2 6 39
18 17 84 57 39 53
61 55 33 36 27 9
20 50 57 24 50 9
44 10 85 55 53 1
64 16 96 81 80 32
77 99 86 37 43 30
2 39 93 8 32 83
26 69 67 70 86 68
17 52 71 44 35 23
54 37 80 32 6 82
14 83 53 27 42 84
82 21 98 74 14 56
60 2 75 43 14 81
69 95 26 64 94 80
44 65 27 38 61 93
40 81 61 42 43 23
48 10 86 31 7 41
69 26 59 31 9 96
34 37 6 86 24 61
21 15 88 83 78 91
8 67 60 30 88 79
16 20 75 87 71 4
97 75 51 29 20 86
33 33 38 92 51 39
2 76 54 30 63 33
21 74 34 8 83 50
26 28 13 48 35 6
44 98 19 24 59 75
21 59 15 48 34 5
59 7 20 92 72 22
50 15 53 89 24 15
4 17 13 27 48 4
90 52 23 92 87 15
49 56 92 57 41 33
50 6 49 72 68 99
90 60 12 4 67 78
37 51 27 20 7 52
75 18 95 32 36 93
39 11 10 79 33 2
71 41 45 94 78 51
66 63 49 79 6 60
75 6 59 6 82 35
13 88 52 22 40 50
71 29 64 40 4 91
3 97 3 19 80 89
55 69 21 74 15 12
72 18 87 63 67 65
36 11 44 16 82 45
10 53 45 38 53 18
83 80 87 27 76 25
29 82 68 94 12 86
47 46 58 85 48 29
27 91 50 97 91 45
36 33 3 38 50 68
95 66 91 63 22 64
47 19 29 64 6 93
45 28 19 66 83 10
19 80 100 84 55 27
65 61 74 22 26 71
90 95 52 89 91 53
74 80 6 65 96 88
94 13 84 38 11 44
3 68 67 68 86 72
93 93 17 2 97 87
61 78 42 1 42 34
17 73 25 25 1 84
20 15 15 95 57 81
80 79 1 83 40 48
83 35 94 30 54 83
98 96 40 32 99 12
21 77 18 16 73 88
27 30 37 68 66 78
55 72 51 28 96 28
46 1 74 76 76 86
81 52 87 72 56 65
97 95 76 11 30 67
62 96 81 10 94 17
13 66 12 76 96 98
63 44 67 54 54 49
98 82 10 14 86 73
100 93 88 3 48 74
92 56 46 32 16 70
11 75 4 28 4 96
12 80 50 36 81 44
73 24 42 28 27 16
82 59 36 91 82 95
22 36 82 54 99 63
16 97 43 38 95 24
12 5 56 43 41 62
25 48 8 87 89 66
66 96 15 65 31 34
30 25 44 26 86 91
100 97 46 59 42 15
22 86 87 15 1 22
100 42 8 22 44 89
22 45 51 95 51 80
82 36 99 33 66 1
19 64 63 6 70 40
81 21 67 45 91 64
82 99 42 52 86 44
85 68 17 12 38 49
66 100 9 91 48 79
100 42 7 100 89 61
48 57 77 41 47 89
9 61 73 8 95 64
15 10 60 58 98 86
68 70 22 4 71 76
94 46 10 83 68 93
18 35 71 97 28 92
54 56 43 74 26 47
28 73 72 14 66 91
15 63 80 68 35 45
28 87 23 83 1 28
9 59 97 6 97 70
40 22 66 59 80 98
33 63 63 65 100 29
39 24 93 42 97 19
92 29 67 4 27 67
72 42 6 70 9 74
26 76 58 71 36 14
81 61 84 11 93 84
36 10 23 87 28 50
15 86 88 58 51 55
80 18 4 73 9 33
22 67 37 80 70 22
62 42 54 69 62 32
4 94 46 69 29 90
30 38 7 84 42 31
26 97 37 57 96 29
67 14 72 89 18 36
17 44 10 61 24 71
71 12 67 29 22 98
34 56 53 38 36 57
76 71 59 37 36 44
68 19 6 9 83 24
94 92 46 22 38 86
62 79 87 42 95 7
61 9 80 33 7 77
66 59 45 9 21 29
100 86 64 59 78 31
66 46 52 24 100 7
18 30 29 48 84 98
69 75 25 83 21 93
98 54 86 59 46 61
90 59 27 24 64 56
38 78 18 40 53 91
37 8 7 4 86 58
82 21 90 53 56 54
39 36 63 43 61 67
5 54 67 30 4 2
97 80 72 27 60 91
90 98 36 43 34 69
95 45 48 54 11 35
42 74 48 10 48 85
37 53 50 38 82 88
75 69 55 80 58 67
58 17 15 51 28 36
9 7 35 43 91 60
10 91 39 48 42 54
21 40 89 36 12 3
73 57 60 91 79 16
46 48 100 14 12 43
35 13 56 17 22 30
99 86 60 21 89 30
7 89 59 42 34 17
4 71 91 7 3 43
36 100 95 40 87 7
9 93 61 74 6 82
6 2 70 27 73 12
34 94 52 88 22 16
40 98 34 85 75 50
13 51 35 62 18 50
53 83 29 12 42 87
100 74 56 62 6 74
17 97 99 63 73 76
95 82 13 66 1 83
90 53 74 80 50 22
69 82 19 70 95 15
87 90 68 24 63 9
79 18 83 5 58 73
18 60 87 42 23 54
35 23 29 72 88 20
80 1 25 10 32 19
4 15 3 16 86 86
30 52 91 46 36 80
88 1 15 55 11 77
49 22 21 30 16 67
96 98 31 40 4 3
6 76 63 43 63 39
21 8 3 18 15 5
73 39 14 50 36 10
36 92 3 37 72 81
46 64 96 72 61 28
54 18 18 91 71 32
17 78 63 10 51 9
10 56 34 53 92 90
2 46 85 48 85 68
23 26 77 72 98 74
4 93 59 60 88 9
35 19 12 90 48 3
4 40 50 40 87 29
48 94 11 3 1 3
67 37 32 69 53 90
49 13 95 21 1 47
29 19 80 52 32 57
11 55 80 97 9 9
100 90 88 86 43 55
24 30 13 48 53 72
95 78 77 42 24 79
23 48 3 90 14 41
9 99 39 52 79 58
64 91 32 16 37 17
87 54 30 56 13 69
49 44 90 87 62 33
85 41 40 48 69 70
1 51 48 86 87 80
97 21 3 65 39 52
32 48 49 87 89 63
92 76 1 58 5 86
18 44 24 53 97 54
37 12 82 56 83 29
55 34 57 79 51 99
74 68 96 25 55 94
23 74 11 97 63 16
1 97 12 62 6 48
74 73 27 63 13 5
12 31 1 83 55 52
71 6 86 74 8 80
31 21 36 95 10 29
21 90 23 90 15 65
60 35 12 79 39 100
59 73 4 69 25 85
20 8 97 65 55 66
21 89 40 56 26 67
17 98 40 76 74 37
54 8 40 88 16 38
97 11 46 32 96 63
3 32 25 74 6 18
91 10 57 26 91 73
6 88 12 66 8 55
26 56 13 21 66 77
70 51 61 66 44 57
58 55 72 67 81 75
30 7 33 89 5 93
79 86 45 63 14 8
45 24 95 66 95 18
24 40 53 73 68 73
65 38 74 85 65 85
12 46 79 89 46 27
51 94 64 72 18 78
12 60 50 76 40 61
100 95 27 47 62 55
31 17 55 4 78 25
81 86 68 26 42 83
36 47 63 99 44 4
46 31 17 33 72 66
83 65 93 26 49 81
47 18 98 45 68 34
28 54 22 46 90 20
17 8 75 43 23 29
16 36 33 71 6 1
72 43 64 41 51 90
73 88 47 37 89 47
27 54 22 41 99 87
47 86 52 68 99 75
59 6 78 43 33 38
32 31 18 59 10 23
67 12 55 50 9 54
73 37 50 55 32 66
13 63 54 76 48 65
81 5 43 37 53 1
60 100 84 14 11 39
21 77 29 97 27 87
88 30 6 14 51 37
92 69 35 48 70 57
28 67 47 85 1 65
99 94 18 46 26 44
46 23 22 81 17 60
96 15 60 95 21 37
36 25 4 96 77 90
64 17 22 59 31 27
71 65 9 74 71 37
72 14 30 21 27 86
75 35 49 64 37 100
71 64 61 40 3 26
8 74 20 95 27 84
9 47 65 47 55 57
71 67 22 79 59 84
25 44 5 64 89 24
16 95 51 50 54 41
56 94 59 52 89 83
65 40 68 46 69 23
86 7 6 26 89 60
10 77 86 44 79 6
53 56 12 75 71 91
78 47 15 69 13 97
97 54 70 68 86 74
18 51 14 27 60 83
34 54 24 97 87 33
14 45 47 3 95 19
51 51 97 81 38 58
62 95 59 97 65 41
9 56 26 49 73 45
84 14 4 36 42 45
51 1 90 45 84 90
55 34 43 88 1 59
88 96 20 47 10 50
63 3 87 75 4 96
33 21 36 4 75 100
55 86 87 10 83 4
15 92 81 11 1 64
42 35 7 31 23 91
62 49 74 98 77 77
26 43 37 78 40 15
24 26 55 88 38 7
35 82 43 47 4 89
84 24 20 30 46 23
40 38 39 22 78 41
35 53 66 41 25 30
34 94 13 46 97 92
46 80 25 19 67 69
3 5 59 95 61 34
28 95 56 85 96 98
15 44 74 83 57 78
55 40 25 61 89 88
23 24 11 84 78 99
98 25 11 69 33 96
76 64 9 100 95 41
93 31 7 13 71 47
70 92 70 45 30 76
5 69 21 5 65 92
88 10 41 16 12 60
17 62 16 60 44 47
18 74 78 5 99 13
15 55 99 60 17 43
47 29 50 41 91 41
35 98 42 88 8 46
57 28 91 92 16 17
1 17 71 88 27 33
79 63 84 95 74 21
66 72 33 88 1 62
17 83 77 42 10 29
82 69 58 57 4 36
49 73 43 19 86 81
32 49 21 98 60 77
46 46 67 9 56 94
97 8 76 87 19 2
32 5 94 74 1 82
74 85 31 22 33 6
5 53 68 28 91 17
52 99 49 80 65 41
53 36 90 98 72 70
12 44 24 5 21 21
24 96 40 33 44 44
64 21 95 89 87 95
39 24 24 60 80 29
47 43 28 48 37 96
97 64 76 41 26 60
72 14 35 69 33 9
96 90 61 42 12 27
71 88 27 76 59 50
26 44 12 43 48 11
3 70 28 44 86 11
28 8 7 38 33 82
5 72 76 25 85 21
63 39 85 3 16 46
28 80 66 31 30 98
14 23 52 80 53 65
28 8 63 10 33 86
8 20 37 3 53 49
5 21 97 27 18 26
44 48 93 10 33 39
31 13 55 92 88 7
26 61 77 44 16 52
3 32 24 78 76 23
66 59 100 33 71 83
25 89 41 30 32 49
40 56 12 7 30 80
85 73 26 13 80 15
33 26 6 42 44 23
27 64 65 46 58 57
33 88 61 20 46 81
38 72 41 11 51 98
44 19 82 51 29 23
72 66 53 30 23 53
93 79 77 6 30 83
66 12 17 92 32 54
98 20 76 85 28 81
34 70 61 60 75 8
47 36 25 49 78 82
52 64 65 72 62 34
81 59 48 71 77 74
44 99 78 62 63 99
50 71 38 43 34 3
12 23 80 6 80 14
47 23 53 88 97 68
16 52 94 10 19 4
34 57 78 12 56 4
18 11 48 5 7 82
43 96 5 69 10 67
42 81 100 22 59 4
2 28 5 86 30 84
9 49 15 50 12 26
98 48 23 2 22 43
79 33 66 10 65 26
62 94 75 41 44 14
82 71 81 97 42 25
10 95 1 29 6 74
49 92 25 75 42 37
28 80 8 98 13 16
1 33 78 63 69 67
54 28 2 88 94 63
93 45 21 41 76 64
92 39 72 38 18 30
61 61 69 88 98 42
39 40 6 20 3 70
59 74 83 28 13 63
12 63 78 21 4 42
41 86 7 99 78 3
53 58 64 68 96 72
85 16 4 21 69 20
69 86 46 10 7 24
29 89 53 67 38 91
