720
2 15 20 3 10 4
20 4 2 10 3 15
15 10 4 3 2 20
2 10 20 3 4 15
20 2 4 3 15 10
3 20 10 4 15 2
2 3 20 15 4 10
15 2 20 10 3 4
10 15 3 4 2 20
3 15 4 2 20 10
2 4 10 3 15 20
20 4 10 2 3 15
20 10 15 3 4 2
20 3 10 2 15 4
2 15 4 10 3 20
4 2 20 10 15 3
10 20 3 4 2 15
2 4 15 10 20 3
4 10 2 15 20 3
10 2 3 20 4 15
20 3 15 4 2 10
15 4 10 3 20 2
20 3 15 10 2 4
3 10 15 20 2 4
4 10 3 20 2 15
2 10 4 20 3 15
2 20 3 15 4 10
10 3 4 15 2 20
15 4 3 10 2 20
4 3 10 20 15 2
15 2 10 3 20 4
10 2 4 15 20 3
10 2 20 3 4 15
20 2 10 15 3 4
20 3 2 15 10 4
2 3 20 15 10 4
10 4 3 20 2 15
3 2 20 4 10 15
20 15 2 10 3 4
4 20 15 2 10 3
3 20 10 2 4 15
4 20 15 3 10 2
3 2 10 15 4 20
10 4 3 15 20 2
15 2 20 4 10 3
20 4 15 3 2 10
3 15 4 2 10 20
15 4 10 2 20 3
3 10 4 2 20 15
10 4 15 20 2 3
3 10 20 2 15 4
10 3 2 4 20 15
10 20 4 2 3 15
3 15 20 4 10 2
10 2 3 15 4 20
15 3 2 20 4 10
15 4 20 10 2 3
15 2 3 4 10 20
2 4 3 10 15 20
10 2 15 4 20 3
10 4 20 3 2 15
4 15 20 3 10 2
4 3 15 20 2 10
2 3 15 20 10 4
15 4 10 20 2 3
2 15 20 4 3 10
10 20 15 3 4 2
10 15 4 3 2 20
20 4 3 10 15 2
3 4 15 20 10 2
15 10 20 2 3 4
20 3 10 15 2 4
20 4 3 15 10 2
3 20 15 10 4 2
15 20 10 2 4 3
20 15 2 3 4 10
10 3 20 15 2 4
20 2 15 4 10 3
10 4 20 2 15 3
20 10 3 15 2 4
2 20 3 15 10 4
3 20 4 10 15 2
10 3 20 15 4 2
3 2 4 10 15 20
10 20 3 15 2 4
15 10 20 3 4 2
20 3 4 10 2 15
10 15 20 2 4 3
3 4 2 15 20 10
4 3 15 2 10 20
3 20 2 4 15 10
2 10 3 20 4 15
15 4 10 20 3 2
2 3 10 20 4 15
20 15 3 2 4 10
15 20 4 3 10 2
20 3 10 15 4 2
3 20 10 2 15 4
4 10 20 2 3 15
4 20 2 10 3 15
10 20 4 3 2 15
4 10 3 20 15 2
2 10 3 4 20 15
20 10 4 3 2 15
20 15 3 10 2 4
3 20 4 15 10 2
10 4 15 3 2 20
15 3 4 10 2 20
3 20 2 4 10 15
3 15 4 20 2 10
15 10 20 3 2 4
3 15 10 20 2 4
4 15 20 10 3 2
4 15 2 20 3 10
15 20 2 10 3 4
4 10 3 2 20 15
3 10 4 2 15 20
2 15 20 10 4 3
3 2 20 15 4 10
3 2 4 20 15 10
20 2 15 10 3 4
10 2 15 20 4 3
10 3 20 2 15 4
20 3 4 10 15 2
2 4 20 10 3 15
15 20 10 4 2 3
15 4 10 3 2 20
10 15 3 2 4 20
15 10 4 2 20 3
10 20 4 15 2 3
15 20 2 3 10 4
15 10 2 4 20 3
3 4 2 10 20 15
15 20 10 3 4 2
20 10 4 3 15 2
20 10 2 3 15 4
20 2 4 10 15 3
15 10 2 3 4 20
3 4 15 2 10 20
15 4 2 3 10 20
4 20 10 2 3 15
10 3 15 4 20 2
15 2 10 4 20 3
3 4 2 20 15 10
20 2 3 10 15 4
4 3 2 10 20 15
3 2 4 20 10 15
10 20 4 2 15 3
15 10 20 4 2 3
10 4 15 3 20 2
10 2 4 20 3 15
2 3 20 10 4 15
4 3 20 10 2 15
3 2 15 10 20 4
3 15 10 20 4 2
2 15 20 4 10 3
2 3 4 15 20 10
3 2 15 20 10 4
10 4 3 20 15 2
10 2 4 3 20 15
2 4 20 3 10 15
20 2 3 15 4 10
20 2 3 15 10 4
4 2 15 10 20 3
3 15 4 20 10 2
4 2 3 15 10 20
2 15 4 10 20 3
4 3 15 10 20 2
3 10 2 15 4 20
4 10 15 20 3 2
2 10 15 20 3 4
15 20 3 2 10 4
2 15 3 20 4 10
3 15 10 2 20 4
4 15 10 20 2 3
3 10 4 20 2 15
10 2 20 4 15 3
2 10 20 3 15 4
15 4 3 20 2 10
2 20 4 15 3 10
3 2 4 10 20 15
2 10 20 4 3 15
20 4 2 3 10 15
3 2 20 10 4 15
10 20 2 4 3 15
3 20 15 4 10 2
10 3 15 2 20 4
3 20 10 15 2 4
15 4 3 2 20 10
10 2 20 4 3 15
10 2 15 4 3 20
15 10 4 20 3 2
15 2 4 10 20 3
20 4 15 3 10 2
4 10 20 2 15 3
10 3 4 20 2 15
4 15 2 3 10 20
20 3 4 2 10 15
4 2 3 20 10 15
15 10 20 2 4 3
4 15 20 2 10 3
4 10 15 3 2 20
4 10 3 15 20 2
20 10 3 4 2 15
10 2 3 4 20 15
4 3 20 2 15 10
3 2 15 10 4 20
2 4 10 15 20 3
4 2 10 20 3 15
2 10 15 4 20 3
20 3 4 2 15 10
2 20 10 4 15 3
20 4 2 10 15 3
15 2 3 20 10 4
3 20 4 2 15 10
3 4 2 20 10 15
2 10 15 4 3 20
4 15 3 2 10 20
2 10 3 15 4 20
4 20 15 2 3 10
4 15 10 20 3 2
2 10 4 20 15 3
2 15 3 10 20 4
10 20 15 3 2 4
4 10 20 3 2 15
20 2 15 3 10 4
4 10 2 3 15 20
20 4 2 15 3 10
2 15 3 4 20 10
3 15 4 10 2 20
10 2 4 20 15 3
4 10 3 2 15 20
2 15 10 3 4 20
20 15 3 10 4 2
2 20 4 3 15 10
2 20 10 4 3 15
3 2 20 15 10 4
3 4 10 15 20 2
3 10 2 20 15 4
2 15 10 4 20 3
15 10 2 3 20 4
10 4 2 20 15 3
4 3 15 20 10 2
2 4 3 10 20 15
3 10 2 20 4 15
3 10 4 15 20 2
4 10 15 2 20 3
3 2 10 4 20 15
15 4 20 2 3 10
20 15 10 2 3 4
15 10 3 20 2 4
3 20 15 2 10 4
10 15 3 20 2 4
2 3 10 4 15 20
4 10 2 3 20 15
10 20 2 3 4 15
2 20 3 4 10 15
2 4 10 20 3 15
3 10 20 15 4 2
20 4 15 10 3 2
4 15 20 3 2 10
4 20 2 3 10 15
4 10 2 20 3 15
20 4 2 15 10 3
20 4 10 3 15 2
15 4 2 10 3 20
4 10 15 20 2 3
20 10 15 3 2 4
15 2 3 4 20 10
15 3 4 10 20 2
20 15 10 4 2 3
3 20 4 10 2 15
15 20 3 2 4 10
10 3 20 4 15 2
2 4 3 15 20 10
20 15 3 4 10 2
2 15 10 3 20 4
3 20 4 15 2 10
10 3 4 2 20 15
2 20 3 10 15 4
20 15 4 2 10 3
3 15 2 4 20 10
10 4 3 2 15 20
4 20 3 10 2 15
20 3 15 2 4 10
15 3 4 20 10 2
4 15 3 20 10 2
4 20 2 15 10 3
4 10 20 3 15 2
10 20 3 2 4 15
15 20 4 3 2 10
10 3 4 15 20 2
2 10 4 3 20 15
2 20 15 10 4 3
15 3 2 20 10 4
15 10 2 20 4 3
3 15 10 4 20 2
20 10 4 15 3 2
2 3 10 15 4 20
20 2 3 4 15 10
15 2 4 20 10 3
4 15 3 2 20 10
15 2 4 3 20 10
10 2 3 15 20 4
20 10 2 4 3 15
10 15 2 3 20 4
15 10 3 4 20 2
4 10 2 15 3 20
10 20 4 15 3 2
3 4 20 15 2 10
20 2 4 3 10 15
2 20 4 10 15 3
4 3 20 15 10 2
4 20 10 3 2 15
4 3 2 20 15 10
2 3 20 4 15 10
2 3 10 15 20 4
20 4 15 10 2 3
4 3 15 10 2 20
2 15 10 20 4 3
4 3 20 15 2 10
3 2 10 20 4 15
10 2 3 20 15 4
3 15 20 10 2 4
20 10 15 2 3 4
15 20 10 3 2 4
20 15 4 3 2 10
2 10 20 15 3 4
2 10 3 20 15 4
10 3 2 20 15 4
3 2 15 4 20 10
4 2 15 20 10 3
20 4 15 2 3 10
10 15 4 2 20 3
10 3 2 15 4 20
2 10 4 3 15 20
2 3 15 10 4 20
3 2 10 15 20 4
3 15 20 10 4 2
15 4 2 20 3 10
10 15 2 4 20 3
10 15 20 3 2 4
2 4 20 15 3 10
3 4 20 2 10 15
20 2 4 15 3 10
20 10 4 15 2 3
15 3 2 10 4 20
15 20 4 2 10 3
2 20 10 15 4 3
3 20 2 15 4 10
2 15 20 10 3 4
20 2 3 10 4 15
2 15 3 10 4 20
2 20 15 3 10 4
20 15 2 3 10 4
20 3 10 2 4 15
10 4 20 15 2 3
15 20 4 10 3 2
10 15 4 3 20 2
4 20 10 15 2 3
3 2 10 4 15 20
3 2 20 4 15 10
4 2 3 20 15 10
3 15 10 4 2 20
3 20 10 15 4 2
15 10 2 4 3 20
10 3 4 2 15 20
15 3 4 2 20 10
15 2 4 10 3 20
4 2 15 3 20 10
2 20 4 15 10 3
3 4 20 10 2 15
15 2 3 10 20 4
20 15 10 2 4 3
10 3 20 2 4 15
3 4 10 2 15 20
4 2 10 20 15 3
15 2 20 10 4 3
10 15 4 20 2 3
15 20 4 10 2 3
20 2 10 4 3 15
20 4 3 2 10 15
4 15 3 20 2 10
2 10 15 3 4 20
3 15 20 4 2 10
15 3 10 2 20 4
15 3 10 20 4 2
20 10 15 2 4 3
20 15 10 4 3 2
10 20 2 3 15 4
3 10 15 2 4 20
20 10 15 4 2 3
10 20 3 4 15 2
15 20 3 4 2 10
10 4 15 20 3 2
4 15 20 2 3 10
2 3 20 10 15 4
20 4 3 15 2 10
4 20 3 15 2 10
15 2 3 20 4 10
2 15 4 3 20 10
15 4 20 10 3 2
20 3 2 15 4 10
3 20 10 4 2 15
10 15 20 4 2 3
20 3 2 10 4 15
3 4 20 15 10 2
20 3 2 10 15 4
10 3 15 20 2 4
2 3 10 4 20 15
4 20 10 2 15 3
10 3 2 4 15 20
15 4 2 3 20 10
4 3 10 2 20 15
20 10 2 3 4 15
15 2 10 4 3 20
20 15 2 4 3 10
2 10 15 3 20 4
15 4 2 20 10 3
10 3 15 2 4 20
4 2 10 3 15 20
3 20 2 10 15 4
20 10 4 2 15 3
15 20 3 4 10 2
10 2 20 15 3 4
3 15 4 10 20 2
10 20 15 4 3 2
20 15 4 10 3 2
4 20 2 3 15 10
3 20 4 2 10 15
20 15 3 4 2 10
2 10 15 20 4 3
4 15 10 2 20 3
15 2 20 4 3 10
20 10 3 15 4 2
2 4 20 10 15 3
10 2 15 3 20 4
3 15 10 2 4 20
15 10 4 20 2 3
2 10 20 15 4 3
4 20 15 10 3 2
2 4 15 20 10 3
2 20 15 10 3 4
15 10 4 2 3 20
15 3 2 4 10 20
2 4 3 20 15 10
15 2 20 3 10 4
2 3 15 20 4 10
4 2 15 10 3 20
3 15 2 10 4 20
3 4 15 10 20 2
15 3 4 2 10 20
4 3 2 15 10 20
15 20 10 2 3 4
20 3 15 2 10 4
4 10 20 15 2 3
4 2 15 3 10 20
4 20 3 2 15 10
2 10 3 4 15 20
2 15 4 20 3 10
20 10 3 4 15 2
10 20 15 4 2 3
15 3 2 4 20 10
15 3 20 4 10 2
15 10 3 2 20 4
3 15 20 2 10 4
4 2 3 15 20 10
2 20 10 15 3 4
10 4 3 15 2 20
4 3 10 2 15 20
20 4 10 15 3 2
2 20 15 4 10 3
10 3 2 20 4 15
3 15 2 20 10 4
15 20 3 10 4 2
15 20 2 4 10 3
10 2 3 4 15 20
20 3 2 4 15 10
15 4 2 10 20 3
2 10 3 15 20 4
3 10 4 20 15 2
20 4 15 2 10 3
10 15 20 2 3 4
3 20 2 10 4 15
3 10 20 4 15 2
20 10 2 15 4 3
3 20 15 4 2 10
10 4 2 15 3 20
20 15 10 3 4 2
4 20 3 15 10 2
4 2 20 15 10 3
20 10 3 2 4 15
4 2 10 3 20 15
15 4 3 2 10 20
15 2 4 3 10 20
4 2 10 15 20 3
10 4 15 2 3 20
10 2 15 20 3 4
10 20 2 15 3 4
2 3 10 20 15 4
10 15 3 4 20 2
10 2 4 15 3 20
2 3 15 10 20 4
3 2 4 15 20 10
10 3 15 4 2 20
15 3 20 10 2 4
3 10 4 15 2 20
20 15 4 3 10 2
2 15 3 4 10 20
4 20 10 15 3 2
10 4 20 3 15 2
15 20 2 10 4 3
2 3 20 4 10 15
15 3 2 10 20 4
10 20 15 2 4 3
3 10 20 2 4 15
2 4 15 20 3 10
20 10 2 4 15 3
4 15 10 3 2 20
10 4 20 2 3 15
3 10 2 15 20 4
10 4 2 3 20 15
4 20 2 10 15 3
3 10 15 20 4 2
15 20 2 3 4 10
2 15 3 20 10 4
20 2 10 15 4 3
20 2 10 3 15 4
15 20 10 4 3 2
3 4 10 2 20 15
20 2 4 10 3 15
20 15 3 2 10 4
2 3 4 20 10 15
20 2 10 4 15 3
20 2 15 4 3 10
3 4 20 10 15 2
10 2 20 15 4 3
2 4 20 15 10 3
4 15 2 10 20 3
4 2 3 10 15 20
10 3 4 20 15 2
4 10 15 3 20 2
10 4 3 2 20 15
4 15 2 3 20 10
15 3 4 20 2 10
10 15 4 20 3 2
10 2 15 3 4 20
20 3 10 4 15 2
2 20 3 4 15 10
2 3 4 10 20 15
2 20 10 3 15 4
2 4 15 3 10 20
10 20 2 4 15 3
15 4 3 20 10 2
15 3 20 2 10 4
2 4 20 3 15 10
10 4 15 2 20 3
15 3 20 2 4 10
3 4 2 15 10 20
3 2 15 20 4 10
3 10 20 4 2 15
15 4 20 3 2 10
3 15 2 10 20 4
15 3 20 10 4 2
3 15 2 20 4 10
10 15 2 4 3 20
10 2 4 3 15 20
4 10 3 15 2 20
3 4 15 10 2 20
15 3 10 4 2 20
3 10 20 15 2 4
2 20 10 3 4 15
20 3 2 4 10 15
15 2 4 20 3 10
10 15 3 2 20 4
3 4 15 2 20 10
10 4 2 3 15 20
2 4 10 20 15 3
4 3 10 20 2 15
4 2 3 10 20 15
2 4 15 10 3 20
4 3 20 10 15 2
3 20 15 10 2 4
10 20 3 2 15 4
20 4 3 2 15 10
2 15 4 3 10 20
2 4 3 20 10 15
4 10 15 2 3 20
2 3 15 4 20 10
10 4 2 15 20 3
20 3 4 15 10 2
10 20 3 15 4 2
2 4 10 3 20 15
10 4 2 20 3 15
3 2 15 4 10 20
20 10 15 4 3 2
4 20 2 15 3 10
2 15 20 3 4 10
20 2 4 15 10 3
4 3 10 15 2 20
2 15 4 20 10 3
20 10 4 2 3 15
15 10 2 20 3 4
4 20 15 3 2 10
15 10 20 4 3 2
20 2 3 4 10 15
15 20 2 4 3 10
2 3 15 4 10 20
10 20 4 3 15 2
20 15 2 10 4 3
2 3 4 15 10 20
10 15 2 3 4 20
10 4 20 15 3 2
2 20 3 10 4 15
4 15 3 10 2 20
3 4 10 20 2 15
4 3 20 2 10 15
15 3 20 4 2 10
10 20 15 2 3 4
4 20 3 10 15 2
3 2 10 20 15 4
2 15 10 20 3 4
2 3 4 10 15 20
15 20 4 2 3 10
3 10 15 4 2 20
20 3 15 10 4 2
20 4 10 2 15 3
3 20 2 15 10 4
4 2 20 10 3 15
3 20 15 2 4 10
4 2 20 15 3 10
20 3 15 4 10 2
20 4 2 3 15 10
3 15 2 4 10 20
20 15 4 2 3 10
4 2 20 3 10 15
3 10 15 4 20 2
3 2 4 15 10 20
10 15 20 3 4 2
2 15 10 4 3 20
10 15 4 2 3 20
15 3 10 2 4 20
4 3 2 20 10 15
4 3 15 2 20 10
15 10 4 3 20 2
4 3 2 10 15 20
3 10 2 4 15 20
15 10 3 2 4 20
20 15 4 10 2 3
2 10 4 15 20 3
15 4 3 10 20 2
2 4 10 15 3 20
3 2 20 10 15 4
4 20 15 10 2 3
3 10 15 2 20 4
3 4 10 20 15 2
20 15 10 3 2 4
10 15 2 20 4 3
2 20 4 3 10 15
20 10 3 2 15 4
4 15 2 10 3 20
15 4 10 2 3 20
20 2 10 3 4 15
10 3 20 4 2 15
4 15 20 10 2 3
2 4 3 15 10 20
15 2 3 10 4 20
10 15 20 4 3 2
4 15 2 20 10 3
10 20 2 15 4 3
4 2 10 15 3 20
4 20 3 2 10 15
20 3 10 4 2 15
4 10 2 20 15 3
3 4 15 20 2 10
15 4 20 2 10 3
20 15 2 4 10 3
4 15 3 10 20 2
15 3 10 20 2 4
4 15 10 2 3 20
4 3 2 15 20 10
15 20 3 10 2 4
15 2 10 3 4 20
2 3 4 20 15 10
2 20 15 3 4 10
20 4 10 3 2 15
3 10 2 4 20 15
20 2 15 10 4 3
20 4 3 10 2 15
15 3 10 4 20 2
2 10 4 15 3 20
3 4 20 2 15 10
15 10 3 4 2 20
4 2 15 20 3 10
3 4 10 15 2 20
15 2 10 20 3 4
3 4 2 10 15 20
2 20 4 10 3 15
15 4 20 3 10 2
4 3 10 15 20 2
4 10 20 15 3 2
20 3 4 15 2 10
15 2 10 20 4 3
20 10 2 15 3 4
10 15 2 20 3 4
10 3 2 15 20 4
15 10 3 20 4 2
15 2 20 3 4 10
4 15 10 3 20 2
10 2 20 3 15 4
3 15 20 2 4 10
2 10 20 4 15 3
10 3 15 20 4 2
20 2 15 3 4 10
4 20 10 3 15 2
20 4 10 15 2 3
2 20 15 4 3 10
4 2 20 3 15 10
2 4 15 3 20 10
10 15 3 20 4 2
