720
4 3 30 8 33 10
30 4 8 33 10 3
33 30 3 10 8 4
30 4 10 3 33 8
10 8 30 4 33 3
3 8 30 10 33 4
8 30 3 10 33 4
33 3 10 4 8 30
8 33 30 10 3 4
8 10 33 3 4 30
30 10 3 8 33 4
10 30 33 8 3 4
10 4 33 3 30 8
8 30 4 33 3 10
30 4 33 10 3 8
10 33 3 8 30 4
30 10 33 8 3 4
10 33 30 3 8 4
4 3 33 10 30 8
30 8 4 33 3 10
8 33 10 3 30 4
4 30 3 8 33 10
30 4 8 33 3 10
10 33 30 4 3 8
30 33 10 4 8 3
10 8 3 4 30 33
33 10 8 3 4 30
10 30 3 8 33 4
4 3 33 10 8 30
8 3 33 4 30 10
33 30 3 8 4 10
4 10 3 33 30 8
10 3 33 30 8 4
3 33 4 10 8 30
33 4 30 8 3 10
3 10 33 30 4 8
30 10 33 3 4 8
4 10 8 3 33 30
4 33 30 10 8 3
30 10 8 33 3 4
10 3 8 30 4 33
10 4 33 8 30 3
8 4 3 10 30 33
33 3 10 8 30 4
10 30 33 4 8 3
33 4 10 3 30 8
33 3 8 30 4 10
3 30 4 10 33 8
3 10 33 8 4 30
33 8 3 30 4 10
3 30 10 8 33 4
33 4 30 8 10 3
10 30 3 33 8 4
4 3 33 8 30 10
3 33 8 10 4 30
4 8 33 10 3 30
4 33 3 30 8 10
10 33 4 30 8 3
33 30 3 4 10 8
33 3 4 30 8 10
10 4 33 3 8 30
33 3 30 8 4 10
4 8 10 33 3 30
4 33 3 8 10 30
30 8 33 10 3 4
3 4 30 8 10 33
33 30 4 8 3 10
8 4 10 33 3 30
30 3 8 33 4 10
3 10 8 30 4 33
33 4 3 30 10 8
10 33 30 8 4 3
3 4 8 10 30 33
4 33 10 8 30 3
10 33 8 30 3 4
4 33 10 3 8 30
4 3 33 30 10 8
8 33 3 30 4 10
3 4 10 8 30 33
33 4 8 10 30 3
33 10 8 3 30 4
30 33 4 10 8 3
8 30 4 3 10 33
33 30 8 10 4 3
8 4 10 33 30 3
10 3 33 8 4 30
3 33 8 4 10 30
4 8 3 10 30 33
10 8 4 30 33 3
3 30 33 8 4 10
3 30 10 33 8 4
33 10 4 3 8 30
30 10 33 3 8 4
8 30 3 33 4 10
33 30 8 4 3 10
3 4 30 8 33 10
8 3 10 4 33 30
33 8 30 10 3 4
10 4 8 33 3 30
33 3 8 10 30 4
10 30 3 33 4 8
8 4 3 10 33 30
10 33 30 4 8 3
4 33 8 30 10 3
3 30 33 4 10 8
3 8 4 33 10 30
10 3 8 30 33 4
8 33 4 30 10 3
3 8 4 33 30 10
10 8 30 33 3 4
33 30 4 10 3 8
33 3 10 4 30 8
33 3 8 30 10 4
3 8 4 30 33 10
3 4 33 10 8 30
30 3 4 8 33 10
33 3 10 8 4 30
4 30 33 10 8 3
30 10 3 8 4 33
4 30 3 33 10 8
3 4 33 8 30 10
4 8 30 33 3 10
10 4 3 30 33 8
10 8 4 3 30 33
8 4 33 3 30 10
30 4 8 3 10 33
10 8 3 4 33 30
33 8 30 3 4 10
30 33 3 10 8 4
8 30 33 10 4 3
4 30 10 33 3 8
3 8 30 33 10 4
8 33 10 30 3 4
8 3 10 30 4 33
8 10 3 33 30 4
3 8 4 30 10 33
3 30 33 10 8 4
3 30 4 10 8 33
10 30 8 3 4 33
10 4 3 30 8 33
30 33 8 4 10 3
4 3 30 10 8 33
4 8 33 30 10 3
10 30 3 4 8 33
3 33 4 10 30 8
8 10 4 33 3 30
4 3 8 30 33 10
3 33 4 8 10 30
8 4 33 30 3 10
10 4 30 3 33 8
4 30 3 8 10 33
33 10 4 30 8 3
10 33 8 4 3 30
3 10 33 30 8 4
3 30 8 10 4 33
30 33 4 8 3 10
3 8 30 33 4 10
4 33 30 3 8 10
10 3 8 33 4 30
33 8 10 4 3 30
33 4 8 10 3 30
3 33 30 10 8 4
33 8 4 10 3 30
4 10 3 30 33 8
4 30 8 33 10 3
8 4 3 30 33 10
10 4 3 33 30 8
8 10 4 30 3 33
10 3 4 8 30 33
30 3 33 10 4 8
8 33 4 30 3 10
30 4 3 10 33 8
8 3 10 4 30 33
4 30 10 3 33 8
10 8 30 3 4 33
3 30 10 4 33 8
30 8 10 33 3 4
30 33 10 3 8 4
10 8 33 3 4 30
30 8 3 33 4 10
33 8 30 10 4 3
30 3 4 10 8 33
30 8 4 33 10 3
33 10 30 3 8 4
30 33 10 4 3 8
3 30 8 4 33 10
10 8 30 4 3 33
33 30 10 3 4 8
8 4 30 3 33 10
3 10 30 8 4 33
4 3 10 33 8 30
30 33 3 8 10 4
30 33 3 4 10 8
8 10 3 30 33 4
10 30 3 4 33 8
4 33 30 3 10 8
4 3 8 33 10 30
10 33 8 3 30 4
4 8 10 33 30 3
8 3 30 10 33 4
4 30 33 8 10 3
10 8 33 3 30 4
3 8 33 10 30 4
33 30 3 4 8 10
33 10 3 4 30 8
4 30 33 3 10 8
10 4 8 30 33 3
33 30 8 3 4 10
3 10 4 8 33 30
3 4 30 33 8 10
3 8 4 10 33 30
10 33 3 30 4 8
33 10 30 8 4 3
8 3 33 30 10 4
33 4 3 30 8 10
30 4 33 10 8 3
8 33 4 10 30 3
4 33 3 10 8 30
33 4 8 30 10 3
10 4 3 8 30 33
3 33 10 30 4 8
10 3 4 33 8 30
4 30 3 33 8 10
8 33 10 3 4 30
4 8 3 33 30 10
4 10 30 3 8 33
33 3 4 8 30 10
10 33 30 8 3 4
3 30 10 33 4 8
10 3 30 4 8 33
30 33 10 8 3 4
3 8 4 10 30 33
3 10 30 33 4 8
10 3 33 8 30 4
3 4 30 33 10 8
3 4 10 33 30 8
30 8 4 10 33 3
4 33 10 30 8 3
10 4 8 3 33 30
30 8 33 3 10 4
30 8 10 3 4 33
30 4 33 3 10 8
10 3 4 33 30 8
3 33 4 30 10 8
8 10 30 33 3 4
3 30 8 33 10 4
8 10 3 4 33 30
33 30 4 3 8 10
33 4 30 10 3 8
4 10 33 3 30 8
4 33 3 8 30 10
8 10 3 4 30 33
3 4 10 30 8 33
33 30 8 3 10 4
30 3 10 4 8 33
10 30 4 8 33 3
4 10 30 33 3 8
8 10 30 33 4 3
10 3 30 8 33 4
30 4 10 33 8 3
30 8 4 3 33 10
33 8 4 3 30 10
30 10 4 3 33 8
3 10 33 8 30 4
30 8 3 33 10 4
3 4 8 30 33 10
33 10 4 8 3 30
33 8 4 30 3 10
33 3 4 8 10 30
30 4 3 8 10 33
10 4 30 33 3 8
8 10 33 3 30 4
33 30 10 4 8 3
4 8 10 30 3 33
8 30 10 3 4 33
3 4 8 33 30 10
30 10 4 8 3 33
33 8 3 10 30 4
30 3 33 4 10 8
8 4 3 33 10 30
10 33 4 30 3 8
30 3 8 4 10 33
4 30 8 3 10 33
30 33 4 3 8 10
10 4 30 3 8 33
30 4 3 10 8 33
8 10 30 4 3 33
30 8 33 4 10 3
3 8 33 4 30 10
33 8 3 4 30 10
10 3 4 30 33 8
8 4 30 10 33 3
33 10 8 4 3 30
30 8 3 4 33 10
33 4 8 3 10 30
10 30 8 4 3 33
10 8 33 30 4 3
8 4 10 3 33 30
33 10 3 8 4 30
33 8 10 3 4 30
8 30 3 4 10 33
3 4 33 30 8 10
3 8 10 33 4 30
10 3 30 33 4 8
8 4 33 30 10 3
3 33 10 8 4 30
30 4 10 8 3 33
3 30 33 8 10 4
33 3 30 10 8 4
3 33 8 30 4 10
4 33 8 3 10 30
8 10 30 3 33 4
30 3 33 4 8 10
8 4 30 3 10 33
30 4 8 10 33 3
3 33 30 8 10 4
4 8 33 3 10 30
4 8 3 30 33 10
33 4 3 10 30 8
30 33 3 10 4 8
8 4 10 3 30 33
33 4 10 3 8 30
30 4 33 8 3 10
10 33 8 3 4 30
30 33 4 10 3 8
30 10 3 4 33 8
30 10 8 4 3 33
10 4 30 8 3 33
33 10 30 8 3 4
4 33 30 8 3 10
8 3 30 4 33 10
8 30 3 10 4 33
3 8 10 30 4 33
10 8 30 33 4 3
10 8 3 30 4 33
33 8 30 3 10 4
4 30 33 3 8 10
8 30 10 4 33 3
33 10 3 30 8 4
30 10 33 4 3 8
4 33 8 30 3 10
10 4 30 33 8 3
4 33 10 3 30 8
8 30 33 4 3 10
8 4 3 30 10 33
10 8 33 30 3 4
8 4 10 30 33 3
10 33 3 30 8 4
8 4 3 33 30 10
3 8 10 33 30 4
8 33 10 30 4 3
3 4 8 33 10 30
10 30 8 4 33 3
33 3 30 4 8 10
8 10 3 33 4 30
10 4 8 3 30 33
10 33 3 4 30 8
3 30 8 10 33 4
30 8 10 33 4 3
10 30 8 3 33 4
4 33 8 3 30 10
8 30 33 3 4 10
3 30 10 4 8 33
10 33 4 8 30 3
30 10 33 8 4 3
3 4 10 8 33 30
4 10 33 8 3 30
3 33 30 10 4 8
3 4 8 10 33 30
3 30 8 4 10 33
33 4 3 10 8 30
8 33 30 3 10 4
10 3 33 30 4 8
4 33 3 10 30 8
30 4 3 33 10 8
33 10 30 3 4 8
30 33 3 8 4 10
4 8 33 3 30 10
8 3 4 33 30 10
4 30 10 8 3 33
4 10 8 30 33 3
30 33 8 10 3 4
33 3 8 10 4 30
33 3 8 4 30 10
4 3 30 10 33 8
10 8 33 4 30 3
3 10 8 33 4 30
3 10 4 8 30 33
30 10 4 33 8 3
8 3 4 33 10 30
4 30 10 8 33 3
4 30 8 10 33 3
4 10 8 3 30 33
8 30 10 4 3 33
33 3 10 30 4 8
4 8 30 3 33 10
4 3 33 8 10 30
33 10 3 8 30 4
3 8 30 4 10 33
33 10 3 4 8 30
8 30 4 3 33 10
4 10 30 3 33 8
30 8 10 4 33 3
4 10 8 33 30 3
4 3 8 10 30 33
3 33 10 30 8 4
10 8 3 30 33 4
10 30 33 4 3 8
8 33 10 4 30 3
10 3 8 33 30 4
3 4 30 10 8 33
3 10 8 4 33 30
10 3 33 4 30 8
33 10 30 4 3 8
30 4 8 10 3 33
10 3 8 4 30 33
30 3 33 10 8 4
8 33 4 3 30 10
33 4 10 30 8 3
10 30 4 3 33 8
4 10 30 8 33 3
3 8 10 30 33 4
3 10 4 33 8 30
4 3 8 10 33 30
33 8 10 30 3 4
30 8 3 10 33 4
10 30 33 3 8 4
10 30 33 3 4 8
33 3 4 30 10 8
4 8 10 3 30 33
8 3 4 30 10 33
8 10 33 30 3 4
33 8 30 4 3 10
10 8 30 3 33 4
3 33 8 10 30 4
30 8 3 10 4 33
8 30 3 4 33 10
30 10 8 4 33 3
10 3 30 33 8 4
10 3 4 30 8 33
8 3 30 33 4 10
8 3 33 30 4 10
33 10 30 4 8 3
8 4 33 3 10 30
3 33 8 30 10 4
3 30 10 8 4 33
33 30 10 3 8 4
3 33 4 8 30 10
8 10 3 30 4 33
10 3 4 8 33 30
33 30 10 8 4 3
33 10 3 30 4 8
4 10 3 30 8 33
4 10 3 8 33 30
4 10 30 33 8 3
4 3 30 33 8 10
4 3 10 30 8 33
10 33 4 3 8 30
4 30 8 3 33 10
33 10 8 4 30 3
30 4 10 3 8 33
30 33 4 3 10 8
4 3 33 30 8 10
4 30 33 8 3 10
30 3 4 10 33 8
8 33 4 3 10 30
30 10 3 33 4 8
3 8 10 4 30 33
8 3 4 10 33 30
30 4 3 33 8 10
33 4 3 8 10 30
10 8 4 33 30 3
8 33 10 4 3 30
10 4 8 30 3 33
30 8 33 3 4 10
30 3 4 8 10 33
8 4 33 10 3 30
4 10 8 30 3 33
30 3 8 4 33 10
8 3 4 30 33 10
30 4 10 8 33 3
3 8 33 4 10 30
10 33 8 4 30 3
3 4 10 33 8 30
30 33 8 3 4 10
4 10 30 8 3 33
33 8 30 4 10 3
4 8 3 30 10 33
33 3 10 30 8 4
4 3 10 8 30 33
3 4 10 30 33 8
4 10 3 33 8 30
8 30 3 33 10 4
4 30 10 33 8 3
8 3 10 33 30 4
3 10 33 4 30 8
30 33 8 4 3 10
3 8 33 10 4 30
3 33 10 4 8 30
4 3 10 30 33 8
3 30 33 10 4 8
8 30 10 33 4 3
10 8 4 30 3 33
30 4 33 8 10 3
8 10 4 30 33 3
30 10 8 3 4 33
10 30 8 33 4 3
4 8 30 10 33 3
30 3 33 8 10 4
3 33 4 30 8 10
3 33 30 4 8 10
10 8 4 33 3 30
30 3 10 33 8 4
4 33 30 8 10 3
8 33 3 4 10 30
33 4 8 30 3 10
30 3 10 8 33 4
4 8 3 33 10 30
10 30 33 8 4 3
8 33 30 4 10 3
10 4 3 8 33 30
8 33 4 10 3 30
3 10 4 33 30 8
30 10 3 4 8 33
4 3 30 8 10 33
30 10 8 3 33 4
30 8 4 3 10 33
33 8 10 3 30 4
3 30 4 8 33 10
8 30 33 4 10 3
8 10 4 33 30 3
4 8 30 10 3 33
33 8 3 30 10 4
30 8 33 10 4 3
10 4 3 33 8 30
10 30 4 33 8 3
8 10 4 3 33 30
10 8 4 3 33 30
33 3 4 10 8 30
30 3 8 10 4 33
4 3 8 30 10 33
3 10 8 4 30 33
10 4 30 8 33 3
30 3 33 8 4 10
33 8 3 4 10 30
8 33 3 4 30 10
4 30 3 10 33 8
30 8 3 4 10 33
30 4 33 3 8 10
33 30 10 4 3 8
30 10 33 4 8 3
4 8 10 30 33 3
10 33 4 3 30 8
8 3 33 10 30 4
33 30 3 8 10 4
4 3 8 33 30 10
8 30 10 3 33 4
8 33 30 4 3 10
8 3 30 33 10 4
33 8 4 10 30 3
33 4 3 8 30 10
4 10 3 8 30 33
33 4 30 3 8 10
33 4 30 10 8 3
8 4 30 10 3 33
10 30 4 33 3 8
8 33 3 30 10 4
3 30 4 33 8 10
3 4 33 8 10 30
3 33 8 4 30 10
30 10 4 3 8 33
33 30 8 10 3 4
4 3 10 8 33 30
10 30 4 3 8 33
30 3 10 33 4 8
10 3 30 4 33 8
8 10 33 4 3 30
10 8 3 33 4 30
4 10 8 33 3 30
4 33 10 8 3 30
30 8 4 10 3 33
33 3 8 4 10 30
10 4 8 33 30 3
4 10 33 8 30 3
8 30 33 3 10 4
3 4 30 10 33 8
8 30 4 10 3 33
3 10 8 33 30 4
30 10 3 33 8 4
3 8 30 10 4 33
10 4 33 8 3 30
4 8 30 33 10 3
33 10 8 30 3 4
8 33 3 10 30 4
30 3 8 10 33 4
8 4 33 10 30 3
33 8 10 4 30 3
30 4 8 3 33 10
8 10 30 4 33 3
3 10 8 30 33 4
3 30 4 33 10 8
8 3 33 4 10 30
30 8 33 4 3 10
4 8 10 3 33 30
8 10 33 4 30 3
33 10 8 30 4 3
4 30 8 10 3 33
10 33 30 3 4 8
4 10 33 30 3 8
10 3 8 4 33 30
33 4 10 8 3 30
4 8 30 3 10 33
4 3 10 33 30 8
33 4 10 8 30 3
3 10 33 4 8 30
33 30 4 10 8 3
30 8 10 4 3 33
3 30 8 33 4 10
3 33 10 8 30 4
33 8 10 30 4 3
8 30 4 10 33 3
3 10 4 30 8 33
10 4 33 30 8 3
33 30 8 4 10 3
33 30 4 8 10 3
8 3 10 30 33 4
10 30 3 8 4 33
8 10 30 3 4 33
33 3 4 10 30 8
8 33 30 3 4 10
30 4 10 33 3 8
30 33 3 4 8 10
10 30 8 33 3 4
8 3 4 10 30 33
10 33 8 30 4 3
8 30 33 10 3 4
33 30 3 10 4 8
3 33 30 8 4 10
3 30 4 8 10 33
4 8 33 10 30 3
10 33 3 8 4 30
33 30 10 8 3 4
33 8 3 10 4 30
10 33 4 8 3 30
33 4 8 3 30 10
10 30 4 8 3 33
3 8 10 4 33 30
4 8 33 30 3 10
30 33 10 8 4 3
3 10 30 33 8 4
8 4 30 33 3 10
10 3 33 4 8 30
30 3 10 4 33 8
4 8 3 10 33 30
8 3 33 10 4 30
30 33 8 3 10 4
30 3 4 33 10 8
3 33 10 4 30 8
3 30 33 4 8 10
3 10 30 8 33 4
33 4 30 3 10 8
33 3 30 4 10 8
3 4 33 10 30 8
4 33 3 30 10 8
33 8 4 30 10 3
8 33 30 10 4 3
33 8 4 3 10 30
4 10 33 30 8 3
30 4 3 8 33 10
10 8 33 4 3 30
3 4 33 30 10 8
8 10 33 30 4 3
8 3 30 4 10 33
3 33 30 4 10 8
4 30 3 10 8 33
33 10 4 3 30 8
4 30 33 10 3 8
4 33 30 10 3 8
8 3 10 33 4 30
30 3 4 33 8 10
33 3 30 10 4 8
8 10 4 3 30 33
8 3 30 10 4 33
4 33 8 10 30 3
3 10 4 30 33 8
10 8 3 33 30 4
4 30 8 33 3 10
8 4 10 30 3 33
3 8 33 30 4 10
4 10 33 3 8 30
8 30 4 33 10 3
30 10 4 33 3 8
10 4 33 30 3 8
30 8 10 3 33 4
4 30 10 3 8 33
30 3 10 8 4 33
3 4 8 30 10 33
4 3 30 33 10 8
8 30 10 33 3 4
8 33 3 10 4 30
3 10 30 4 33 8
33 10 4 8 30 3
10 3 30 8 4 33
3 8 33 30 10 4
30 33 8 10 4 3
33 3 30 8 10 4
30 3 8 33 10 4
4 33 8 10 3 30
33 30 4 3 10 8
33 4 10 30 3 8
30 33 10 3 4 8
3 10 30 4 8 33
30 10 4 8 33 3
3 8 30 4 33 10
4 33 10 30 3 8
30 10 8 33 4 3
33 10 4 30 3 8
30 33 4 8 10 3
8 4 30 33 10 3
10 33 3 4 8 30
