720
16 8 3 12 19 15
19 3 8 12 15 16
3 15 19 16 8 12
15 16 8 19 12 3
8 16 3 19 15 12
19 12 3 8 15 16
3 12 19 8 15 16
3 8 12 15 19 16
3 19 15 8 16 12
16 3 8 15 19 12
8 3 16 15 12 19
3 8 19 12 16 15
12 19 15 8 3 16
3 19 8 12 16 15
3 15 19 12 8 16
3 16 19 8 15 12
12 16 3 8 15 19
8 16 3 15 19 12
8 19 3 12 15 16
19 3 12 16 15 8
15 12 3 19 16 8
15 16 19 3 8 12
3 19 15 12 16 8
8 12 16 15 3 19
19 12 16 8 15 3
12 16 3 8 19 15
12 15 8 19 16 3
15 19 8 12 3 16
15 12 16 19 3 8
3 15 8 12 16 19
12 15 8 16 3 19
15 8 19 3 16 12
16 19 15 8 12 3
16 19 15 12 3 8
15 8 16 19 3 12
12 19 15 16 3 8
16 8 12 3 19 15
3 12 16 8 19 15
16 19 8 12 3 15
19 16 12 15 3 8
19 3 15 16 8 12
8 15 19 16 3 12
12 3 8 16 19 15
15 19 8 16 3 12
19 3 12 16 8 15
19 15 3 12 8 16
16 3 8 15 12 19
8 15 16 19 3 12
15 12 8 3 16 19
12 8 16 3 15 19
12 16 3 15 19 8
12 19 16 8 3 15
16 15 3 19 8 12
16 15 12 19 3 8
15 19 16 8 3 12
16 3 19 8 15 12
15 3 19 8 16 12
19 15 16 8 3 12
15 8 16 12 3 19
8 3 19 15 12 16
16 3 19 12 15 8
15 8 12 16 3 19
3 12 8 15 19 16
16 12 19 8 3 15
3 16 15 8 19 12
19 15 8 12 16 3
12 19 8 16 3 15
19 12 3 8 16 15
16 3 8 12 19 15
3 12 19 8 16 15
8 19 16 15 12 3
15 12 19 8 16 3
8 19 15 12 3 16
8 19 12 15 3 16
12 15 3 16 8 19
12 15 8 19 3 16
19 16 15 3 8 12
15 19 12 3 16 8
8 12 19 3 15 16
3 19 8 16 12 15
3 12 8 19 16 15
8 3 19 12 16 15
12 3 8 16 15 19
12 3 8 15 19 16
3 12 19 16 8 15
15 8 16 3 12 19
19 3 16 8 15 12
19 16 15 12 3 8
16 3 12 19 8 15
3 15 8 19 16 12
15 12 3 16 8 19
8 12 15 3 16 19
15 8 3 12 16 19
8 16 12 3 15 19
3 8 16 15 19 12
12 15 16 8 19 3
8 3 12 19 15 16
16 8 19 15 12 3
15 16 12 19 8 3
16 12 3 8 15 19
8 19 15 16 3 12
8 15 12 19 16 3
12 8 19 15 3 16
3 15 8 16 19 12
8 12 16 3 15 19
12 19 16 15 3 8
3 16 8 12 15 19
15 19 8 12 16 3
8 16 19 12 3 15
12 19 8 3 15 16
15 8 12 19 3 16
15 8 3 12 19 16
19 15 8 16 12 3
3 8 15 12 16 19
8 16 19 3 12 15
19 15 8 3 12 16
15 16 12 8 19 3
19 16 12 3 15 8
16 8 19 12 15 3
15 12 16 3 8 19
8 15 3 16 19 12
3 16 19 8 12 15
15 16 3 19 12 8
3 19 12 8 15 16
16 3 12 15 19 8
3 19 15 16 12 8
15 8 19 16 3 12
15 8 19 12 16 3
16 19 8 15 12 3
12 19 16 3 15 8
16 12 3 15 19 8
19 15 3 8 16 12
19 12 15 16 3 8
12 19 3 8 15 16
12 15 8 3 16 19
16 12 15 19 3 8
16 19 8 3 15 12
3 8 16 12 19 15
8 3 19 16 12 15
8 16 15 12 19 3
16 3 15 8 19 12
19 8 3 16 12 15
12 3 8 19 15 16
12 16 8 15 19 3
19 15 16 3 8 12
16 12 19 15 8 3
8 12 3 15 16 19
16 15 12 3 8 19
8 12 16 19 15 3
3 8 19 16 12 15
15 16 8 3 19 12
8 15 16 12 3 19
12 16 19 15 8 3
16 19 12 15 3 8
3 16 12 19 15 8
19 8 16 15 3 12
15 8 16 3 19 12
8 12 19 15 3 16
19 3 8 16 12 15
15 16 8 12 19 3
3 8 19 15 12 16
12 16 19 15 3 8
3 19 8 15 16 12
8 16 12 15 3 19
12 8 3 15 19 16
3 12 15 19 8 16
12 15 19 8 16 3
8 16 12 15 19 3
3 16 19 12 8 15
12 3 16 19 15 8
3 8 12 16 19 15
16 15 12 8 19 3
16 3 15 19 12 8
3 15 8 12 19 16
3 8 19 15 16 12
8 12 19 15 16 3
8 3 12 15 16 19
3 19 16 15 8 12
19 15 12 3 8 16
19 3 12 8 15 16
16 3 15 12 19 8
19 15 16 3 12 8
16 8 3 19 15 12
3 19 16 8 12 15
16 15 19 8 12 3
19 12 16 15 8 3
19 15 12 8 3 16
16 8 12 3 15 19
16 12 19 15 3 8
15 3 19 16 12 8
19 8 12 15 3 16
3 15 12 19 8 16
8 16 3 19 12 15
16 15 19 3 12 8
15 19 12 8 16 3
12 3 19 8 16 15
12 3 19 16 15 8
8 12 16 3 19 15
8 3 16 12 15 19
19 3 8 12 16 15
15 8 19 12 3 16
15 19 16 8 12 3
8 15 12 19 3 16
15 16 19 3 12 8
8 3 16 15 19 12
12 16 19 8 3 15
15 12 16 8 19 3
15 12 19 16 3 8
8 16 15 3 12 19
12 8 16 19 3 15
3 19 12 8 16 15
3 12 15 8 19 16
16 8 3 15 12 19
19 16 3 15 8 12
19 3 12 15 8 16
3 19 15 8 12 16
19 12 16 3 8 15
3 16 8 19 15 12
16 3 12 8 15 19
16 3 12 8 19 15
16 3 19 15 12 8
19 15 12 16 8 3
15 12 3 8 19 16
12 15 8 16 19 3
16 19 12 8 15 3
8 12 15 16 19 3
16 8 19 3 12 15
8 15 3 19 12 16
12 19 16 8 15 3
3 19 8 12 15 16
8 3 15 12 16 19
16 15 12 19 8 3
19 3 8 15 16 12
19 12 16 3 15 8
8 19 16 12 15 3
3 12 15 16 8 19
12 3 15 16 19 8
19 12 15 3 8 16
12 8 16 15 3 19
3 19 16 12 15 8
16 12 3 19 15 8
19 16 8 15 3 12
15 16 3 19 8 12
15 19 3 12 16 8
12 8 15 16 19 3
19 8 16 12 3 15
8 15 19 16 12 3
19 8 15 3 12 16
3 19 16 12 8 15
3 15 16 12 19 8
8 3 19 12 15 16
16 8 12 19 15 3
16 12 15 19 8 3
12 3 8 15 16 19
3 16 15 19 12 8
12 19 15 3 8 16
19 12 8 3 16 15
3 15 16 19 12 8
15 12 19 3 8 16
19 8 16 12 15 3
16 19 8 15 3 12
12 8 16 15 19 3
12 19 16 3 8 15
3 19 12 16 8 15
16 19 8 12 15 3
19 12 8 16 15 3
8 19 15 3 16 12
19 15 3 8 12 16
15 19 3 8 12 16
15 3 16 8 12 19
15 3 19 12 16 8
3 12 15 8 16 19
8 15 12 3 19 16
8 16 19 15 12 3
15 8 12 3 16 19
3 12 16 19 15 8
16 3 8 19 12 15
19 8 15 3 16 12
3 15 16 8 12 19
16 15 19 12 3 8
8 16 12 19 15 3
8 16 3 12 15 19
3 12 15 19 16 8
12 8 15 19 3 16
16 8 15 12 19 3
16 12 15 8 3 19
8 3 19 15 16 12
16 19 12 3 8 15
16 15 12 8 3 19
15 16 12 19 3 8
8 12 3 16 15 19
12 15 3 16 19 8
16 15 8 3 12 19
3 16 15 12 8 19
15 3 19 16 8 12
8 16 19 12 15 3
12 16 19 3 8 15
8 15 16 3 12 19
19 3 15 12 8 16
12 19 3 15 16 8
15 16 19 12 8 3
12 15 19 3 8 16
3 8 16 12 15 19
19 8 15 16 3 12
3 16 8 12 19 15
15 16 8 3 12 19
3 15 12 8 16 19
19 15 16 12 8 3
8 15 19 12 3 16
12 8 19 16 15 3
15 3 12 16 8 19
19 16 15 12 8 3
12 8 19 15 16 3
16 12 15 3 8 19
16 8 12 15 3 19
12 19 3 16 8 15
19 3 16 12 8 15
19 12 8 15 3 16
8 16 15 19 12 3
3 8 12 19 16 15
8 19 15 12 16 3
8 12 19 3 16 15
16 15 3 8 12 19
16 19 3 12 8 15
16 19 3 15 12 8
3 8 12 19 15 16
16 3 15 19 8 12
16 3 12 15 8 19
19 8 15 12 16 3
16 8 3 15 19 12
3 15 19 16 12 8
16 12 3 15 8 19
15 8 3 16 12 19
3 8 15 19 16 12
8 19 15 16 12 3
15 3 12 8 16 19
19 15 12 8 16 3
15 3 16 12 19 8
19 16 15 8 3 12
15 16 19 12 3 8
19 12 15 16 8 3
19 8 16 15 12 3
16 8 12 15 19 3
12 3 16 19 8 15
12 16 15 19 3 8
3 16 8 19 12 15
19 15 3 16 8 12
15 19 16 12 3 8
15 12 3 8 16 19
8 19 15 3 12 16
16 8 19 15 3 12
19 3 15 8 12 16
19 3 15 12 16 8
12 15 19 16 8 3
3 12 8 19 15 16
12 3 15 19 16 8
19 16 3 12 8 15
16 12 19 3 15 8
19 12 15 8 16 3
12 8 15 3 19 16
3 15 16 8 19 12
15 12 19 16 8 3
15 8 12 19 16 3
8 12 15 3 19 16
15 12 3 19 8 16
15 3 8 16 19 12
16 8 3 12 15 19
3 19 16 8 15 12
12 16 15 3 19 8
19 3 8 16 15 12
12 15 8 3 19 16
19 8 3 15 16 12
12 16 19 8 15 3
8 16 15 3 19 12
12 15 16 19 3 8
19 16 3 12 15 8
15 19 12 3 8 16
16 15 8 12 19 3
3 15 12 16 8 19
16 12 8 19 3 15
19 16 12 15 8 3
15 19 3 16 8 12
16 19 3 12 15 8
15 12 19 8 3 16
12 16 8 15 3 19
12 15 3 8 19 16
12 3 19 8 15 16
3 15 16 19 8 12
3 8 12 16 15 19
19 8 3 16 15 12
3 19 16 15 12 8
19 8 15 12 3 16
19 8 15 16 12 3
12 16 15 3 8 19
12 19 8 16 15 3
15 3 16 12 8 19
12 19 3 15 8 16
16 12 19 8 15 3
12 8 16 3 19 15
19 12 3 16 8 15
16 19 8 3 12 15
19 3 12 15 16 8
12 15 16 19 8 3
15 3 16 8 19 12
15 19 16 3 8 12
12 8 3 16 15 19
19 8 12 16 15 3
12 16 15 8 3 19
19 12 8 15 16 3
12 16 15 8 19 3
8 19 16 3 15 12
15 19 12 16 8 3
8 19 3 16 15 12
19 8 3 15 12 16
15 12 8 16 19 3
15 12 19 3 16 8
8 12 15 19 3 16
19 16 8 12 3 15
15 16 12 3 8 19
3 12 16 19 8 15
3 15 16 12 8 19
15 12 3 16 19 8
12 15 3 19 16 8
3 15 19 12 16 8
16 19 12 8 3 15
19 3 15 8 16 12
3 15 19 8 16 12
15 3 16 19 12 8
19 16 3 8 15 12
19 15 12 3 16 8
8 12 15 16 3 19
12 8 3 16 19 15
15 12 8 3 19 16
19 16 8 12 15 3
19 8 16 3 15 12
16 8 19 3 15 12
8 3 15 16 19 12
12 3 16 15 8 19
8 12 16 15 19 3
12 8 15 3 16 19
8 3 16 19 15 12
15 12 16 3 19 8
3 15 12 19 16 8
8 12 3 15 19 16
19 12 8 16 3 15
3 16 19 12 15 8
19 3 16 15 12 8
19 3 16 12 15 8
16 19 15 3 8 12
19 16 3 8 12 15
19 16 12 8 15 3
3 16 12 19 8 15
15 3 12 8 19 16
3 12 19 15 16 8
8 12 3 19 16 15
16 3 19 8 12 15
15 19 8 3 16 12
15 12 8 19 3 16
19 15 3 12 16 8
15 8 19 3 12 16
19 3 15 16 12 8
15 16 3 12 8 19
12 19 15 3 16 8
3 19 12 16 15 8
19 8 12 3 16 15
15 8 12 16 19 3
16 12 19 3 8 15
19 15 8 12 3 16
12 8 3 19 15 16
8 15 16 12 19 3
8 19 16 15 3 12
15 16 3 8 12 19
12 19 8 3 16 15
8 3 15 12 19 16
15 3 8 19 16 12
12 3 19 15 16 8
8 15 12 16 19 3
3 16 12 15 8 19
19 12 3 15 8 16
19 16 3 15 12 8
8 19 16 3 12 15
12 8 16 19 15 3
12 19 15 8 16 3
16 15 8 12 3 19
12 8 19 3 15 16
12 16 8 3 15 19
12 3 15 8 19 16
15 19 3 12 8 16
3 15 12 16 19 8
12 19 8 15 3 16
19 12 3 16 15 8
16 8 3 19 12 15
3 16 19 15 12 8
15 8 16 19 12 3
8 3 12 19 16 15
8 19 12 3 15 16
15 8 3 19 16 12
8 3 12 16 19 15
15 19 8 16 12 3
8 16 12 3 19 15
8 3 12 16 15 19
3 16 8 15 19 12
16 15 19 3 8 12
8 19 16 12 3 15
19 16 8 3 15 12
8 12 3 19 15 16
8 19 3 15 16 12
12 15 19 8 3 16
16 19 15 12 8 3
12 3 15 19 8 16
15 8 3 16 19 12
12 16 15 19 8 3
3 15 12 8 19 16
8 19 3 16 12 15
8 15 12 3 16 19
3 12 19 16 15 8
3 19 8 16 15 12
15 16 8 12 3 19
16 19 12 15 8 3
8 19 12 16 3 15
3 8 19 12 15 16
16 15 3 8 19 12
8 16 19 3 15 12
8 15 16 3 19 12
12 8 15 19 16 3
16 12 8 3 19 15
8 15 12 16 3 19
3 12 16 8 15 19
15 16 8 19 3 12
16 8 19 12 3 15
3 16 15 8 12 19
12 16 19 3 15 8
12 15 19 16 3 8
19 12 15 3 16 8
16 12 15 3 19 8
16 3 19 12 8 15
8 16 3 12 19 15
3 16 8 15 12 19
3 8 19 16 15 12
12 8 15 16 3 19
19 15 8 16 3 12
12 8 3 19 16 15
16 12 15 8 19 3
12 16 8 19 15 3
19 15 8 3 16 12
3 19 15 16 8 12
3 19 15 12 8 16
3 12 8 16 15 19
12 16 8 19 3 15
3 8 12 15 16 19
15 3 12 19 8 16
12 16 3 15 8 19
8 3 15 16 12 19
8 16 3 15 12 19
3 19 12 15 8 16
3 16 15 12 19 8
8 15 19 3 12 16
3 8 15 16 12 19
16 19 3 8 12 15
3 12 8 16 19 15
19 8 12 3 15 16
15 16 3 8 19 12
8 12 19 16 15 3
3 16 12 8 15 19
8 19 12 16 15 3
3 8 15 19 12 16
16 12 8 15 3 19
8 3 16 12 19 15
3 12 8 15 16 19
15 12 8 16 3 19
16 3 8 19 15 12
16 8 12 19 3 15
15 3 8 12 19 16
15 3 8 12 16 19
15 19 3 16 12 8
3 15 8 19 12 16
19 15 16 12 3 8
12 16 3 19 8 15
15 8 19 16 12 3
16 15 3 12 8 19
12 3 16 8 15 19
8 3 15 19 16 12
16 12 3 8 19 15
3 15 19 8 12 16
19 16 8 15 12 3
15 16 12 8 3 19
15 16 19 8 3 12
16 19 12 3 15 8
12 16 8 3 19 15
15 3 12 16 19 8
16 19 3 15 8 12
15 19 16 12 8 3
8 15 3 12 19 16
3 8 16 19 15 12
8 3 12 15 19 16
16 12 8 19 15 3
16 19 15 3 12 8
12 3 15 8 16 19
15 19 8 3 12 16
12 15 16 8 3 19
16 3 8 12 15 19
12 19 15 16 8 3
8 15 19 12 16 3
3 12 15 16 19 8
19 12 8 3 15 16
12 3 8 19 16 15
3 16 15 19 8 12
12 16 3 19 15 8
19 8 12 16 3 15
15 3 19 12 8 16
19 12 15 8 3 16
12 15 3 19 8 16
3 19 12 15 16 8
19 16 12 3 8 15
19 3 12 8 16 15
15 12 8 19 16 3
15 3 19 8 12 16
12 8 3 15 16 19
19 16 8 3 12 15
3 8 15 16 19 12
12 8 19 3 16 15
8 19 3 15 12 16
19 3 8 15 12 16
3 8 16 19 12 15
16 8 15 12 3 19
15 16 19 8 12 3
19 16 12 8 3 15
16 15 8 19 3 12
16 12 3 19 8 15
3 16 12 15 19 8
15 8 3 19 12 16
8 15 3 12 16 19
19 12 3 15 16 8
15 12 16 8 3 19
8 16 15 12 3 19
12 19 3 8 16 15
19 16 15 3 12 8
16 8 15 3 12 19
15 12 16 19 8 3
12 3 16 15 19 8
12 19 8 15 16 3
3 15 8 16 12 19
12 19 3 16 15 8
8 15 3 19 16 12
19 8 3 12 16 15
12 15 3 8 16 19
12 8 19 16 3 15
3 16 19 15 8 12
8 12 3 16 19 15
16 19 15 8 3 12
15 8 12 3 19 16
15 3 8 16 12 19
8 3 19 16 15 12
8 19 3 12 16 15
16 8 15 3 19 12
3 12 19 15 8 16
15 3 8 19 12 16
3 12 16 15 19 8
12 3 19 15 8 16
8 15 16 19 12 3
19 8 3 12 15 16
8 19 12 3 16 15
16 12 8 3 15 19
16 3 15 12 8 19
8 12 19 16 3 15
8 12 16 19 3 15
19 12 16 8 3 15
12 15 16 3 19 8
3 16 12 8 19 15
16 15 19 8 3 12
15 3 12 19 16 8
16 3 19 15 8 12
16 15 3 12 19 8
12 15 19 3 16 8
8 19 12 15 16 3
8 16 19 15 3 12
12 19 16 15 8 3
8 3 15 19 12 16
12 3 15 16 8 19
15 19 12 16 3 8
8 3 16 19 12 15
19 15 16 8 12 3
16 15 19 12 8 3
15 19 16 3 12 8
19 12 16 15 3 8
16 15 8 3 19 12
19 3 16 15 8 12
16 3 12 19 15 8
16 15 8 19 12 3
16 15 12 3 19 8
8 15 3 16 12 19
19 3 16 8 12 15
15 19 12 8 3 16
12 3 19 16 8 15
8 15 19 3 16 12
19 15 12 16 3 8
8 12 15 19 16 3
16 15 3 19 12 8
16 8 15 19 3 12
19 8 16 3 12 15
16 3 15 8 12 19
15 16 12 3 19 8
3 19 8 15 12 16
12 3 16 8 19 15
15 16 3 12 19 8
3 12 16 15 8 19
19 16 15 8 12 3
3 8 16 15 12 19
15 19 3 8 16 12
3 8 15 12 19 16
8 16 15 19 3 12
19 8 12 15 16 3
8 16 12 19 3 15
15 8 16 12 19 3
15 3 16 19 8 12
16 19 3 8 15 12
12 15 16 3 8 19
16 12 8 15 19 3
19 15 3 16 12 8
16 8 15 19 12 3
