720
4 17 13 20 7 18
13 7 18 17 4 20
18 17 20 7 13 4
7 17 18 4 13 20
20 17 18 4 13 7
13 20 18 4 7 17
20 4 18 17 7 13
18 20 7 17 4 13
13 7 4 17 20 18
4 7 18 20 13 17
20 7 4 17 18 13
13 18 7 17 20 4
7 20 18 4 13 17
18 17 13 7 4 20
17 13 4 18 7 20
17 18 4 20 7 13
18 20 4 13 17 7
13 7 20 18 17 4
13 20 17 7 18 4
4 17 20 18 13 7
20 7 4 17 13 18
4 13 18 7 17 20
17 13 18 4 7 20
18 7 20 17 13 4
13 4 17 18 7 20
18 13 4 20 7 17
18 7 17 20 4 13
7 13 17 18 4 20
7 20 17 18 4 13
4 13 17 18 20 7
13 20 4 18 7 17
13 18 17 7 4 20
4 17 13 20 18 7
17 20 18 7 13 4
20 18 17 7 4 13
20 17 7 13 18 4
4 13 17 20 18 7
4 17 13 18 7 20
17 4 7 20 18 13
13 18 4 7 17 20
13 17 7 4 20 18
4 17 13 7 20 18
20 13 7 18 4 17
17 4 13 7 20 18
18 13 20 7 4 17
20 18 13 17 7 4
13 4 18 17 7 20
7 20 17 13 18 4
7 20 13 17 4 18
18 13 20 17 4 7
4 13 17 7 20 18
20 4 17 13 18 7
20 7 18 13 17 4
17 4 20 18 7 13
18 13 17 4 20 7
13 4 7 20 18 17
13 17 4 20 18 7
7 17 20 18 13 4
4 13 18 20 7 17
7 13 20 18 4 17
4 7 18 13 20 17
18 17 13 4 20 7
7 17 18 13 20 4
7 17 20 13 4 18
4 13 7 17 20 18
18 13 7 4 17 20
4 17 18 20 13 7
17 18 7 20 13 4
18 7 17 13 20 4
7 4 20 17 13 18
7 13 20 17 4 18
13 17 20 18 7 4
17 7 18 4 20 13
7 18 13 4 17 20
17 13 18 20 7 4
4 17 7 20 13 18
20 18 4 13 7 17
7 20 13 4 17 18
20 17 18 13 4 7
7 20 17 13 4 18
4 20 17 7 13 18
18 13 4 17 7 20
20 4 13 7 18 17
20 18 13 4 7 17
7 13 18 20 4 17
4 18 13 17 7 20
4 7 13 18 20 17
13 4 18 7 17 20
4 7 13 18 17 20
18 13 4 7 17 20
7 4 13 17 20 18
20 18 7 13 4 17
7 13 20 4 18 17
4 20 7 13 17 18
20 18 7 13 17 4
13 4 7 18 20 17
17 13 20 18 4 7
20 18 7 4 13 17
13 4 17 7 18 20
4 20 18 17 13 7
4 13 20 17 7 18
7 13 4 17 20 18
17 18 20 4 13 7
13 20 4 7 18 17
18 4 13 7 20 17
17 4 13 18 7 20
17 13 20 18 7 4
4 17 18 13 7 20
20 7 4 18 17 13
17 7 18 13 20 4
17 4 18 13 20 7
4 20 17 13 18 7
13 7 17 20 4 18
13 18 7 4 17 20
13 4 7 20 17 18
17 18 7 13 4 20
7 18 17 4 13 20
7 4 17 18 13 20
18 17 4 7 20 13
20 18 13 17 4 7
18 4 17 13 20 7
7 20 18 4 17 13
20 18 13 7 4 17
17 7 13 4 18 20
17 18 20 13 4 7
20 18 17 4 7 13
13 18 20 7 4 17
20 18 13 4 17 7
17 13 7 4 20 18
18 13 20 4 17 7
4 17 7 13 18 20
17 4 18 7 13 20
7 13 18 17 20 4
17 7 4 20 13 18
20 7 18 4 17 13
13 18 7 20 17 4
7 20 4 17 18 13
4 20 13 17 18 7
4 17 18 7 20 13
18 7 20 17 4 13
20 4 13 18 7 17
18 20 4 7 17 13
20 17 4 18 7 13
18 17 7 20 4 13
4 13 18 17 20 7
13 7 4 17 18 20
13 17 7 18 4 20
4 20 13 18 17 7
4 7 17 20 18 13
7 18 20 4 17 13
13 17 18 7 20 4
18 20 13 17 7 4
20 7 13 18 4 17
17 7 18 4 13 20
7 18 20 13 4 17
17 13 4 20 18 7
7 18 20 17 4 13
7 4 13 18 17 20
4 18 17 7 13 20
13 20 4 7 17 18
18 17 7 13 4 20
13 17 18 7 4 20
18 13 17 20 7 4
7 20 18 13 4 17
18 13 4 17 20 7
20 4 17 7 18 13
7 13 4 17 18 20
17 7 20 18 4 13
13 17 4 18 20 7
17 13 7 18 20 4
7 18 4 13 17 20
20 17 13 18 4 7
17 7 20 4 13 18
17 18 13 20 7 4
18 17 7 13 20 4
18 20 17 4 7 13
20 13 4 18 17 7
18 7 4 17 13 20
17 18 20 7 4 13
18 20 7 17 13 4
18 7 17 4 20 13
18 4 17 7 20 13
18 13 4 7 20 17
18 20 7 4 13 17
20 13 4 18 7 17
4 18 13 17 20 7
7 17 18 20 13 4
20 13 18 17 7 4
18 20 4 17 7 13
18 13 20 7 17 4
17 7 13 20 18 4
13 20 4 17 18 7
4 7 13 20 17 18
4 20 7 18 13 17
7 17 13 18 20 4
7 20 4 13 17 18
18 7 20 13 17 4
18 4 20 17 7 13
4 17 7 18 20 13
7 4 20 13 18 17
20 17 7 13 4 18
13 4 18 17 20 7
13 20 7 4 17 18
20 4 13 18 17 7
4 7 20 18 17 13
7 20 13 18 17 4
20 17 4 7 18 13
7 17 4 18 20 13
13 17 4 7 18 20
17 7 4 13 18 20
13 18 17 4 7 20
13 4 17 18 20 7
17 18 13 7 4 20
20 4 17 13 7 18
4 13 7 20 18 17
17 4 18 20 13 7
18 13 7 17 20 4
18 17 13 20 7 4
4 7 17 13 18 20
7 4 18 13 17 20
13 17 20 7 18 4
20 13 7 4 18 17
17 20 13 18 4 7
17 13 7 20 18 4
13 4 17 20 18 7
18 7 13 20 17 4
13 7 18 4 20 17
18 13 7 20 4 17
17 7 13 20 4 18
20 7 18 4 13 17
20 17 13 7 4 18
4 7 18 17 20 13
17 4 20 7 18 13
13 17 20 4 7 18
17 4 20 13 7 18
20 4 7 18 17 13
13 18 4 20 7 17
13 20 4 17 7 18
20 7 18 17 13 4
4 18 17 20 7 13
17 18 4 13 20 7
20 4 18 13 7 17
13 17 7 4 18 20
18 20 17 13 4 7
18 7 17 13 4 20
7 4 13 20 17 18
4 18 20 7 17 13
4 13 20 18 7 17
4 13 20 17 18 7
7 20 17 4 13 18
7 20 4 18 17 13
18 20 7 4 17 13
20 18 4 7 13 17
17 13 18 4 20 7
4 20 7 17 13 18
7 17 20 4 18 13
17 4 13 18 20 7
17 7 18 13 4 20
13 7 18 17 20 4
20 17 13 4 7 18
17 13 18 20 4 7
13 7 20 17 4 18
4 17 20 7 13 18
17 13 4 18 20 7
17 13 18 7 20 4
18 7 4 13 20 17
7 17 13 4 18 20
17 13 20 7 4 18
17 4 20 13 18 7
4 13 7 17 18 20
13 18 17 7 20 4
4 18 20 13 17 7
17 13 20 7 18 4
18 4 20 17 13 7
4 18 7 17 13 20
7 18 20 4 13 17
18 7 4 13 17 20
4 18 13 20 17 7
13 20 7 17 18 4
20 7 17 4 18 13
18 17 13 7 20 4
7 13 4 20 17 18
7 4 17 13 20 18
7 18 4 17 13 20
7 20 13 4 18 17
7 4 13 20 18 17
13 7 17 4 18 20
20 18 7 4 17 13
18 20 4 13 7 17
4 18 20 17 7 13
18 4 17 7 13 20
20 13 17 18 4 7
20 13 4 7 18 17
17 7 18 20 13 4
4 17 18 7 13 20
7 18 20 17 13 4
17 7 13 18 20 4
4 18 13 20 7 17
18 4 17 20 7 13
13 20 18 7 17 4
13 18 17 20 7 4
20 13 17 18 7 4
7 18 13 17 4 20
17 7 18 20 4 13
17 7 4 13 20 18
20 13 18 7 17 4
7 18 17 4 20 13
18 17 4 13 7 20
4 17 20 7 18 13
20 17 4 13 18 7
17 20 4 7 18 13
18 4 13 17 20 7
17 13 4 20 7 18
17 20 7 18 4 13
7 20 4 18 13 17
20 7 4 13 18 17
18 13 20 17 7 4
13 20 7 18 4 17
4 7 17 20 13 18
18 17 4 20 7 13
4 7 13 17 20 18
17 20 18 4 13 7
7 18 17 13 20 4
13 4 18 7 20 17
20 13 7 4 17 18
17 4 7 13 18 20
17 18 4 7 20 13
7 17 4 20 13 18
18 7 4 20 17 13
7 4 17 20 13 18
20 4 13 7 17 18
13 4 18 20 17 7
4 13 20 7 17 18
13 7 17 20 18 4
18 4 20 7 17 13
17 7 13 4 20 18
13 17 7 18 20 4
4 18 13 7 20 17
17 4 7 18 13 20
7 17 13 20 4 18
7 4 17 13 18 20
17 4 20 18 13 7
18 20 13 17 4 7
7 4 20 13 17 18
7 17 4 13 18 20
7 20 13 17 18 4
17 20 18 13 4 7
13 18 4 7 20 17
4 20 17 7 18 13
13 20 18 7 4 17
18 20 4 7 13 17
18 4 17 20 13 7
18 17 4 13 20 7
13 18 7 17 4 20
17 7 13 18 4 20
7 18 17 20 13 4
17 18 20 4 7 13
18 4 13 7 17 20
4 18 7 20 17 13
7 4 20 18 17 13
20 18 7 17 13 4
18 13 7 17 4 20
7 13 18 20 17 4
18 13 17 20 4 7
4 13 18 7 20 17
13 17 4 20 7 18
13 7 17 18 20 4
4 17 13 18 20 7
18 20 17 13 7 4
18 7 20 13 4 17
4 20 18 13 17 7
4 7 20 17 18 13
17 20 7 13 18 4
13 7 18 20 17 4
4 18 20 13 7 17
17 4 7 13 20 18
20 17 13 7 18 4
18 4 17 13 7 20
17 20 13 7 18 4
7 4 18 17 20 13
7 18 13 4 20 17
4 18 7 17 20 13
17 18 13 20 4 7
13 20 17 18 4 7
17 4 7 18 20 13
13 17 4 7 20 18
4 7 20 17 13 18
20 13 7 17 18 4
18 17 4 7 13 20
13 17 18 4 7 20
4 20 18 17 7 13
13 20 7 18 17 4
17 13 7 4 18 20
20 4 7 17 13 18
7 17 18 13 4 20
18 7 17 20 13 4
20 17 4 7 13 18
7 18 4 20 13 17
20 7 13 17 4 18
13 7 4 18 17 20
20 13 18 4 7 17
4 7 18 20 17 13
4 7 13 20 18 17
18 17 13 4 7 20
20 18 17 13 4 7
13 17 20 4 18 7
18 4 20 7 13 17
18 13 17 4 7 20
18 17 20 13 7 4
17 20 7 18 13 4
17 4 7 20 13 18
13 4 17 7 20 18
4 17 20 13 18 7
13 18 20 7 17 4
4 20 13 7 17 18
20 7 18 13 4 17
13 7 20 4 18 17
13 18 17 4 20 7
4 13 7 20 17 18
7 4 18 13 20 17
17 7 4 18 13 20
18 4 20 13 7 17
17 4 18 7 20 13
7 13 18 4 17 20
20 13 18 17 4 7
4 13 18 20 17 7
20 4 18 17 13 7
17 4 18 20 7 13
4 13 20 18 17 7
7 4 20 18 13 17
13 4 20 17 7 18
7 17 4 13 20 18
7 20 4 17 13 18
20 18 7 17 4 13
18 20 13 7 17 4
18 4 7 13 20 17
7 20 4 13 18 17
20 18 4 17 13 7
13 17 20 7 4 18
4 18 7 13 20 17
13 17 18 4 20 7
4 20 13 7 18 17
4 17 18 20 7 13
18 13 17 7 20 4
13 4 18 20 7 17
17 7 20 13 4 18
7 17 4 20 18 13
18 20 4 17 13 7
7 13 17 20 4 18
7 13 20 4 17 18
18 20 13 4 17 7
20 18 4 7 17 13
18 20 7 13 17 4
17 13 7 18 4 20
20 18 17 4 13 7
4 17 20 18 7 13
13 7 4 18 20 17
4 20 7 18 17 13
7 4 18 20 17 13
20 13 17 4 7 18
17 20 13 7 4 18
4 20 7 13 18 17
20 7 17 4 13 18
20 17 7 4 13 18
7 13 20 18 17 4
18 20 17 4 13 7
17 18 13 4 7 20
13 18 4 20 17 7
20 4 17 7 13 18
7 20 18 13 17 4
17 20 18 13 7 4
13 7 18 20 4 17
17 7 20 4 18 13
20 17 18 4 7 13
13 18 20 4 17 7
13 7 4 20 18 17
20 13 18 7 4 17
18 17 7 4 20 13
13 20 18 17 4 7
4 13 7 18 17 20
4 18 7 13 17 20
4 7 20 13 17 18
17 20 4 13 18 7
7 4 13 17 18 20
17 13 20 4 18 7
18 7 13 4 20 17
4 17 7 20 18 13
4 18 17 13 20 7
4 17 13 7 18 20
4 20 18 7 17 13
17 18 7 13 20 4
13 4 7 18 17 20
20 7 4 18 13 17
4 13 7 18 20 17
17 20 7 4 18 13
18 4 13 20 7 17
18 17 20 4 13 7
7 17 4 18 13 20
4 7 18 17 13 20
7 17 13 18 4 20
7 17 18 20 4 13
20 4 17 18 7 13
4 20 13 18 7 17
13 18 17 20 4 7
7 4 18 20 13 17
18 13 7 4 20 17
17 4 20 7 13 18
17 18 4 20 13 7
4 7 17 13 20 18
18 7 13 17 4 20
13 20 18 4 17 7
17 20 18 7 4 13
18 17 7 4 13 20
4 18 20 17 13 7
13 4 17 20 7 18
13 4 7 17 18 20
17 4 13 7 18 20
4 20 17 18 13 7
18 13 4 20 17 7
4 18 17 20 13 7
20 13 18 4 17 7
18 13 17 7 4 20
17 20 4 7 13 18
17 13 4 7 18 20
7 17 18 4 20 13
7 4 17 20 18 13
7 20 18 17 13 4
7 18 20 13 17 4
7 17 20 18 4 13
20 17 7 4 18 13
18 7 20 4 13 17
18 7 20 4 17 13
7 18 13 17 20 4
20 4 7 18 13 17
7 17 20 4 13 18
17 13 4 7 20 18
7 13 18 17 4 20
13 18 20 4 7 17
20 7 17 18 4 13
7 4 18 17 13 20
17 4 18 13 7 20
4 17 18 13 20 7
7 20 13 18 4 17
7 17 20 13 18 4
7 4 13 18 20 17
4 7 17 18 20 13
20 17 18 7 4 13
13 4 20 18 17 7
20 13 17 4 18 7
13 20 7 17 4 18
18 4 7 20 13 17
7 20 17 18 13 4
18 7 13 4 17 20
20 18 4 13 17 7
20 4 18 7 17 13
4 18 7 20 13 17
18 4 7 13 17 20
17 18 7 4 20 13
20 17 18 7 13 4
13 18 4 17 7 20
18 13 7 20 17 4
20 7 13 17 18 4
13 4 20 7 17 18
4 20 18 7 13 17
18 17 7 20 13 4
7 18 17 20 4 13
18 20 13 4 7 17
13 17 20 18 4 7
13 20 17 4 18 7
17 7 4 18 20 13
4 7 17 18 13 20
18 20 17 7 13 4
18 17 13 20 4 7
20 7 17 13 18 4
20 18 13 7 17 4
18 17 20 13 4 7
20 13 4 17 18 7
4 7 20 13 18 17
18 17 4 20 13 7
20 13 17 7 4 18
13 17 7 20 18 4
7 18 4 13 20 17
17 20 13 18 7 4
20 18 17 7 13 4
17 18 4 13 7 20
18 7 13 17 20 4
18 4 13 20 17 7
17 7 20 18 13 4
13 20 18 17 7 4
7 17 13 20 18 4
18 4 7 17 20 13
13 7 20 17 18 4
17 7 20 13 18 4
17 18 13 4 20 7
17 18 20 7 13 4
20 4 7 13 18 17
4 18 13 7 17 20
20 7 13 4 17 18
20 4 17 18 13 7
20 18 4 17 7 13
13 20 17 7 4 18
7 13 17 18 20 4
7 13 4 20 18 17
20 4 13 17 7 18
13 7 4 20 17 18
7 4 20 17 18 13
17 18 20 13 7 4
4 18 17 7 20 13
20 7 18 17 4 13
13 18 7 4 20 17
4 20 17 18 7 13
13 17 7 20 4 18
4 17 7 18 13 20
7 13 17 4 18 20
17 4 13 20 18 7
17 13 7 20 4 18
17 20 4 18 7 13
20 13 4 17 7 18
4 18 17 13 7 20
17 20 7 4 13 18
20 17 13 18 7 4
13 4 20 18 7 17
20 7 4 13 17 18
20 7 13 18 17 4
17 18 7 4 13 20
20 4 7 17 18 13
13 7 20 4 17 18
20 13 7 17 4 18
17 20 13 4 7 18
7 13 17 20 18 4
18 20 13 7 4 17
17 7 4 20 18 13
13 18 7 20 4 17
20 18 17 13 7 4
20 17 18 13 7 4
18 13 20 4 7 17
20 4 18 13 17 7
7 18 17 13 4 20
20 13 4 7 17 18
4 13 20 7 18 17
7 18 13 20 4 17
17 4 13 20 7 18
4 20 13 17 7 18
17 18 13 7 20 4
20 17 13 4 18 7
13 7 17 18 4 20
7 18 4 20 17 13
18 20 17 7 4 13
20 4 18 7 13 17
4 7 13 17 18 20
7 18 13 20 17 4
18 7 13 20 4 17
20 7 13 4 18 17
13 20 17 18 7 4
4 7 18 13 17 20
13 4 7 17 20 18
4 18 20 7 13 17
13 18 20 17 7 4
7 13 18 4 20 17
4 7 20 18 13 17
7 13 4 18 17 20
4 13 18 17 7 20
7 20 17 4 18 13
17 13 20 4 7 18
7 17 13 4 20 18
13 18 4 17 20 7
17 20 18 4 7 13
7 13 20 17 18 4
18 17 20 4 7 13
20 17 4 18 13 7
7 20 18 17 4 13
20 4 13 17 18 7
17 13 18 7 4 20
18 7 4 20 13 17
20 13 17 7 18 4
18 17 20 7 4 13
20 7 17 18 13 4
13 7 17 4 20 18
13 17 18 20 4 7
7 13 17 4 20 18
13 4 20 17 18 7
17 20 4 13 7 18
17 20 4 18 13 7
20 17 7 18 13 4
20 17 4 13 7 18
17 18 4 7 13 20
13 17 18 20 7 4
4 13 17 18 7 20
17 18 7 20 4 13
13 17 4 18 7 20
18 4 7 17 13 20
18 7 4 17 20 13
4 17 7 13 20 18
20 4 7 13 17 18
4 20 18 13 7 17
4 20 7 17 18 13
4 13 17 7 18 20
7 4 17 18 20 13
13 4 20 7 18 17
4 13 17 20 7 18
13 20 17 4 7 18
13 18 20 17 4 7
18 7 17 4 13 20
13 7 20 18 4 17
17 20 7 13 4 18
20 7 17 13 4 18
13 20 4 18 17 7
20 13 7 18 17 4
7 13 4 18 20 17
18 4 20 13 17 7
4 17 20 13 7 18
18 4 13 17 7 20
7 18 4 17 20 13
4 20 17 13 7 18
18 20 7 13 4 17
20 17 7 18 4 13
18 4 7 20 17 13
13 20 7 4 18 17
13 7 18 4 17 20
17 20 13 4 18 7
