30
13 06 16 04 15
21 03 10 14 12
25 01 22 23 08
07 19 17 09 24
18 02 05 20 11
14 11 23 03 05
16 02 22 12 18
21 06 04 10 25
08 17 01 19 20
15 09 24 07 13
09 14 25 13 24
01 12 15 17 06
21 03 05 11 19
04 07 18 22 16
23 08 02 20 10
16 18 21 11 24
06 17 19 15 07
23 04 25 05 13
03 14 09 12 08
10 22 20 01 02
10 24 05 01 04
08 25 02 07 06
13 12 22 17 21
11 16 18 14 09
23 15 19 20 03
17 14 12 05 01
18 22 16 03 20
13 02 21 10 19
08 15 24 11 09
07 06 23 25 04
23 10 14 12 06
15 21 01 04 19
18 24 09 02 20
03 11 13 17 08
25 22 16 07 05
03 21 22 23 11
10 18 16 15 01
02 25 12 05 17
08 14 09 07 24
20 04 06 13 19
18 12 14 11 20
09 02 01 21 04
13 07 25 03 06
19 23 05 16 15
10 24 08 17 22
13 21 23 07 14
16 06 04 19 09
10 20 25 11 08
03 12 01 18 22
02 24 17 15 05
09 08 05 18 11
07 10 12 14 20
19 21 15 22 25
24 04 06 02 13
16 23 01 03 17
07 01 23 02 25
08 21 12 14 06
11 17 10 04 19
20 15 16 09 03
13 22 18 24 05
07 14 05 20 22
13 16 10 12 21
02 17 04 25 06
19 09 08 03 01
15 24 23 11 18
01 05 13 09 03
24 02 16 19 08
14 21 25 20 22
17 07 23 11 15
06 10 12 04 18
07 23 17 25 09
21 11 03 10 20
24 14 16 01 05
06 13 19 18 12
02 08 15 22 04
21 06 17 18 09
01 02 13 15 04
25 07 23 10 19
12 16 11 05 03
22 24 20 14 08
06 05 17 18 23
11 01 08 03 02
16 10 25 13 22
12 15 21 04 07
14 19 24 20 09
08 19 20 25 15
10 18 21 24 16
02 12 05 22 07
01 17 11 04 09
13 23 03 14 06
15 17 09 18 16
14 21 24 22 23
03 06 13 05 20
07 25 19 12 04
11 08 01 02 10
20 16 17 04 22
05 03 24 23 08
09 01 21 07 10
11 06 19 02 15
12 14 18 13 25
03 07 16 09 22
01 06 23 08 04
14 10 19 25 20
13 15 02 18 05
11 21 24 12 17
24 07 02 15 14
16 05 08 04 17
25 11 22 12 19
21 03 01 09 20
13 06 18 10 23
19 15 09 02 08
13 03 10 07 25
05 17 21 04 24
18 01 16 20 22
23 06 14 11 12
09 17 21 04 07
05 18 14 10 08
25 01 11 23 24
16 12 13 20 02
19 06 22 15 03
07 01 24 14 19
22 03 18 06 20
23 05 17 21 10
25 12 04 15 09
11 16 02 13 08
21 19 17 16 09
22 25 11 08 05
10 14 04 07 24
03 15 20 13 01
02 06 23 12 18
19 04 07 16 09
05 22 21 06 01
10 20 25 17 12
24 03 11 14 23
15 02 13 18 08
23 02 04 08 13
05 15 12 06 16
17 14 25 22 18
21 01 03 07 09
19 10 20 11 24
03 05 18 10 25
23 01 22 16 14
20 17 24 19 02
04 12 21 09 06
15 08 11 13 07
08 12 09 13 06
04 01 18 15 20
02 19 24 17 23
14 21 11 07 16
05 03 25 10 22
23 10 14 12 06 15 13 01 21 25 16 04 07 17 11 22 24 19 05 09 03 02 18 20 08
