30
14 01 08 05 21
07 10 12 09 16
17 20 03 15 13
11 24 02 04 22
06 19 18 23 25
17 23 15 11 16
05 24 20 25 01
13 14 08 22 04
03 02 12 09 10
06 21 07 18 19
23 24 20 10 22
11 06 07 09 16
14 15 02 01 25
13 05 08 21 18
19 03 12 04 17
08 21 12 04 25
11 09 13 22 06
02 07 16 18 23
03 14 15 17 24
10 05 20 01 19
23 14 10 07 25
16 18 08 09 12
20 01 22 06 03
02 11 15 24 17
05 13 21 04 19
19 15 13 18 16
04 23 17 21 08
09 25 12 03 01
24 11 20 14 22
10 06 05 07 02
24 25 14 17 02
07 20 19 11 12
18 15 10 03 21
23 01 13 22 04
16 09 08 05 06
02 04 06 05 11
17 13 18 23 07
03 10 25 01 15
22 09 08 12 19
14 20 21 24 16
12 08 23 10 02
18 03 25 01 11
13 17 16 20 15
06 22 04 07 21
24 05 09 19 14
19 15 04 16 03
20 08 05 13 11
01 10 23 18 22
21 14 12 09 24
25 06 17 02 07
13 24 20 16 21
07 10 01 23 06
12 14 03 05 22
11 08 18 15 19
04 09 02 25 17
21 03 24 01 22
04 17 16 11 12
19 06 14 08 07
25 02 18 15 09
13 10 23 05 20
12 15 03 02 07
11 06 08 05 25
21 14 01 20 17
09 18 22 10 13
19 23 24 16 04
22 10 21 11 15
25 08 12 16 06
23 17 05 19 07
13 20 09 02 14
03 01 18 04 24
23 03 16 08 07
02 11 05 18 17
10 24 09 19 12
04 06 20 22 14
21 25 13 01 15
22 02 04 23 09
08 15 12 06 13
11 03 14 10 20
24 16 07 17 05
25 21 01 18 19
05 16 22 11 19
09 01 02 15 07
17 03 20 10 23
18 04 13 12 25
08 24 06 21 14
01 15 24 23 21
11 06 09 18 10
04 07 20 14 05
13 19 03 16 22
02 25 17 08 12
22 06 08 11 25
24 18 20 12 14
15 19 09 04 03
02 13 17 05 21
01 10 16 07 23
17 01 16 21 08
06 24 03 05 22
04 23 09 13 15
10 12 14 07 02
11 19 18 25 20
10 22 09 14 20
13 07 25 05 01
02 03 08 12 06
18 15 04 11 17
19 23 21 16 24
25 03 04 22 12
13 19 15 08 24
23 21 09 16 06
17 05 11 07 02
01 10 18 20 14
21 02 07 17 03
10 08 24 09 16
25 18 22 15 01
04 12 20 19 23
13 11 05 14 06
18 23 21 05 22
07 24 19 03 12
17 15 10 13 25
11 02 14 01 08
06 16 20 09 04
12 23 10 24 11
16 17 01 07 09
06 25 20 02 08
04 22 19 13 03
14 15 21 18 05
20 25 05 09 13
23 03 02 15 07
12 17 10 18 14
19 06 11 21 24
08 01 22 16 04
17 13 22 24 18
01 15 03 09 02
05 25 11 21 16
20 06 23 14 04
12 10 08 19 07
09 24 25 18 22
04 10 05 13 17
14 02 01 11 07
03 12 08 20 23
21 15 19 06 16
18 05 03 06 11
01 25 20 22 21
10 08 19 04 12
15 16 02 23 13
07 09 24 17 14
13 24 18 03 15
10 23 19 21 04
16 20 09 14 01
02 08 07 17 25
22 12 11 05 06
16 17 01 07 09 08 18 14 24 03 04 20 06 02 12 25 22 10 11 23 19 05 15 13 21
