30
19 05 14 04 03
24 20 09 17 06
11 01 22 15 13
08 16 18 21 23
10 07 02 12 25
02 23 24 03 20
13 25 18 17 06
11 01 19 12 07
08 09 04 05 22
14 21 15 16 10
04 14 20 23 15
17 02 12 21 03
06 11 09 05 13
18 10 19 16 25
24 08 01 07 22
07 12 21 11 24
09 10 02 17 05
23 25 04 15 01
20 13 18 22 16
08 03 06 19 14
10 07 03 23 14
02 21 01 13 09
20 08 17 06 22
16 15 24 11 05
25 04 19 18 12
10 14 12 07 09
01 03 22 08 06
02 19 25 21 13
15 16 11 24 18
04 20 23 05 17
20 23 25 09 11
01 12 22 02 10
13 18 04 03 17
05 14 21 15 16
08 19 07 06 24
25 15 19 14 12
16 11 18 13 08
22 04 20 02 03
09 05 01 23 06
17 07 24 10 21
21 22 24 25 17
18 09 01 15 20
08 13 05 07 03
14 19 02 23 16
06 10 12 11 04
14 03 01 07 08
02 12 17 15 24
10 13 16 22 09
11 20 25 21 04
18 05 06 23 19
03 05 23 09 20
06 21 17 16 18
08 12 19 01 04
07 22 13 11 24
10 25 14 15 02
18 17 24 11 25
03 16 09 02 04
19 15 20 22 07
08 05 23 14 21
01 13 06 10 12
22 24 18 10 08
02 14 23 06 13
15 17 11 12 01
21 04 19 05 03
20 16 07 25 09
19 04 14 24 15
11 20 22 21 16
17 03 02 10 23
08 09 06 01 18
13 05 12 25 07
24 19 01 08 09
18 25 12 22 05
11 13 17 03 15
07 23 21 20 16
10 06 04 14 02
07 08 11 14 21
24 18 19 10 23
12 02 16 04 03
25 22 17 05 06
13 09 01 20 15
16 17 18 09 02
25 07 23 19 11
03 14 13 04 12
15 05 08 01 20
24 22 21 10 06
05 13 17 07 18
10 12 19 02 14
08 04 16 15 01
11 22 23 03 24
25 21 09 20 06
12 21 06 08 25
17 11 15 04 22
19 16 14 13 09
07 18 02 10 01
05 20 03 24 23
01 15 06 24 10
20 12 09 25 21
11 05 19 16 02
03 22 23 17 14
13 18 08 04 07
12 09 13 17 06
02 21 10 18 20
04 22 11 01 03
14 23 24 05 19
15 25 07 16 08
20 10 14 16 19
02 07 21 12 06
04 13 08 25 18
17 01 03 05 22
24 09 11 15 23
06 15 19 12 13
14 20 25 10 09
18 01 22 07 23
04 21 03 16 08
24 02 17 05 11
05 04 23 02 17
13 25 12 11 16
20 07 09 06 01
03 08 19 18 10
14 15 22 24 21
05 02 08 13 06
09 17 16 01 25
11 04 15 24 22
20 18 12 07 21
19 14 23 03 10
25 01 10 14 16
18 12 04 06 05
13 07 15 17 11
24 22 23 19 09
20 02 03 21 08
19 14 24 04 17
25 10 20 13 02
07 08 16 21 23
03 11 22 18 15
05 12 01 09 06
14 24 11 21 05
03 01 04 25 17
02 09 23 12 13
16 07 20 18 22
08 19 15 06 10
19 20 10 12 23
13 25 08 18 11
06 24 14 04 21
09 17 15 05 07
02 03 01 22 16
06 21 08 13 05
11 10 17 18 12
24 09 23 19 25
16 22 15 20 01
02 14 07 03 04
18 01 22 07 23 03 09 20 12 17 15 02 16 24 13 25 10 06 14 11 04 08 21 19 05
