30
05 04 12 01 02
09 25 19 21 14
24 08 07 03 15
18 06 10 16 13
11 20 22 17 23
17 04 23 01 07
09 22 19 02 10
24 06 21 03 11
18 25 16 15 12
05 13 14 08 20
12 20 13 19 23
14 07 09 18 10
25 01 05 17 15
04 24 11 03 21
16 02 06 08 22
19 25 21 09 06
01 02 22 24 11
23 20 13 16 17
08 15 14 04 12
05 18 10 03 07
14 13 16 21 15
03 07 04 18 19
01 06 08 10 12
23 11 05 20 25
17 24 09 02 22
14 05 10 17 13
21 20 07 12 22
19 18 23 03 16
09 02 11 08 15
01 25 04 06 24
06 22 20 14 08
03 24 15 11 05
12 17 10 18 21
04 07 25 02 13
01 16 23 09 19
23 02 07 22 21
25 13 17 16 11
15 10 01 06 18
05 14 04 09 19
24 08 12 03 20
10 14 11 23 08
06 09 16 13 18
05 22 25 01 17
21 20 02 04 12
03 24 19 15 07
07 04 11 10 14
23 03 16 17 09
08 12 18 05 21
02 25 20 13 22
19 06 15 01 24
09 03 22 25 10
05 11 19 23 14
06 15 24 07 21
17 04 20 16 02
12 13 01 18 08
19 14 12 06 08
16 09 07 03 05
22 10 15 21 04
18 20 11 24 01
17 02 13 23 25
05 08 17 13 24
15 10 03 21 20
22 09 04 02 16
07 12 14 01 11
06 23 19 18 25
25 19 08 23 05
15 09 16 01 21
11 17 03 02 12
07 24 14 13 10
22 18 20 06 04
17 25 02 16 20
19 14 21 24 13
12 18 15 08 05
06 10 11 09 03
23 01 07 22 04
25 09 17 15 03
10 14 02 23 11
01 06 13 24 07
08 12 21 18 16
19 20 22 05 04
23 04 13 15 16
24 07 22 11 01
06 14 17 02 20
08 21 19 18 05
12 25 10 03 09
10 13 03 07 19
17 05 18 23 08
06 14 21 25 02
01 20 12 11 16
04 15 09 22 24
07 24 08 23 17
12 16 20 18 06
10 13 14 21 01
02 05 03 04 22
15 11 19 25 09
02 24 08 19 22
13 16 07 17 10
12 15 14 04 25
11 05 23 03 18
06 09 01 20 21
16 21 01 18 11
10 17 20 12 08
06 25 22 15 24
04 19 02 05 07
09 03 14 13 23
07 16 09 06 22
02 03 25 12 24
21 11 18 13 04
05 01 15 08 23
14 17 20 10 19
18 20 12 19 09
21 10 25 22 17
02 11 07 03 24
08 13 04 16 14
23 01 15 05 06
13 04 16 08 24
18 20 05 10 23
01 19 09 15 21
25 17 14 02 11
22 03 07 06 12
07 06 16 04 11
21 13 24 05 15
22 02 12 23 09
19 20 25 01 03
10 14 18 08 17
03 25 12 04 05
24 11 18 02 17
01 20 06 07 19
08 23 09 22 16
21 15 10 14 13
17 25 22 24 15
18 13 12 11 06
16 23 20 14 04
01 07 08 05 03
09 21 10 02 19
09 21 07 08 11
02 19 04 25 23
16 18 15 01 10
17 14 05 24 03
06 20 12 22 13
06 15 02 11 19
16 05 20 08 04
14 09 13 21 22
03 01 07 18 10
17 12 23 24 25
25 05 06 15 16
10 13 07 08 24
12 21 04 14 01
09 11 23 02 18
19 22 03 17 20
09 11 23 02 18 04 06 21 19 15 05 13 22 14 20 07 08 25 12 10 17 24 03 16 01
