30
01 21 19 10 11
06 04 23 25 17
02 13 20 05 12
15 07 14 24 22
08 09 03 16 18
06 20 11 22 08
10 12 03 18 14
19 04 01 25 07
05 13 24 21 23
02 17 09 15 16
02 21 09 22 08
01 20 19 03 14
15 17 24 11 10
25 18 06 07 13
05 23 16 04 12
06 01 09 24 25
10 19 20 13 21
08 12 15 18 22
14 04 11 02 05
03 16 23 07 17
16 15 04 10 05
23 24 21 22 19
09 06 11 18 17
07 02 12 08 20
01 14 25 13 03
19 04 05 20 01
23 21 06 15 22
07 08 18 16 10
25 24 09 12 14
02 11 13 17 03
18 02 12 11 01
22 25 03 10 06
17 13 14 04 15
16 19 24 23 20
09 21 08 05 07
07 19 04 22 25
05 06 18 21 23
03 10 13 01 08
15 17 20 16 02
11 14 12 09 24
15 09 22 05 20
06 11 17 08 13
14 01 07 16 24
04 02 21 10 12
03 23 19 25 18
23 05 08 09 13
07 20 25 17 15
12 02 04 10 14
03 11 21 24 01
19 18 22 16 06
17 21 24 22 15
13 25 23 03 09
11 20 10 05 14
07 08 18 02 19
16 04 12 01 06
23 06 21 11 05
10 17 24 15 09
02 22 18 16 25
04 19 01 08 14
12 13 03 20 07
23 01 06 03 25
17 20 08 13 02
07 22 04 05 21
24 12 18 14 15
10 11 19 09 16
11 23 04 09 16
24 10 06 17 19
12 05 15 20 07
25 08 01 14 21
03 02 22 13 18
25 10 19 09 16
18 08 21 12 24
06 07 14 17 05
11 22 15 02 23
04 01 13 03 20
15 21 13 06 17
02 18 08 12 25
09 20 05 14 01
16 03 10 22 23
19 07 11 04 24
24 15 23 08 11
21 19 01 10 03
20 02 25 04 17
06 16 05 18 22
12 13 14 07 09
15 14 04 19 11
01 24 08 25 02
18 22 03 10 09
07 17 21 06 05
13 20 12 23 16
25 19 18 02 22
07 20 24 04 09
14 03 08 05 17
23 13 16 10 01
11 12 21 15 06
01 25 11 18 17
02 23 19 10 13
20 06 16 09 14
24 04 12 08 15
03 22 07 05 21
20 16 24 06 11
05 01 18 14 03
08 15 13 19 07
22 12 25 04 09
17 02 10 21 23
11 10 09 17 21
12 07 04 13 02
06 15 05 16 18
24 25 03 23 22
19 14 08 01 20
23 05 17 09 21
07 15 02 11 10
25 04 13 22 12
08 19 03 06 01
14 24 20 16 18
05 09 20 17 18
14 10 15 24 03
08 13 01 22 16
21 07 19 04 23
25 11 12 02 06
07 09 02 24 01
04 18 13 08 16
25 23 17 19 20
03 05 06 21 11
12 14 22 15 10
20 05 23 19 25
01 06 24 03 02
04 17 07 13 21
15 14 09 10 12
08 18 22 11 16
01 13 23 18 24
09 14 25 22 07
04 19 08 11 21
16 17 05 06 03
15 12 10 02 20
10 08 12 19 17
15 23 21 03 25
05 06 09 07 01
18 13 04 14 02
24 22 11 20 16
25 16 19 12 10
20 14 05 09 06
01 17 03 07 11
02 22 23 04 13
18 08 24 15 21
21 16 20 08 06
01 22 18 13 02
10 15 25 17 11
14 03 23 19 07
05 09 04 12 24
03 22 07 05 21 04 12 19 15 11 06 14 16 18 02 24 01 25 08 23 17 13 10 20 09
