30
20 17 21 18 14
04 01 02 24 12
03 05 10 13 06
22 16 08 23 19
07 25 09 15 11
10 21 03 25 12
09 05 19 18 20
23 11 24 07 17
08 16 04 22 14
13 15 06 02 01
07 02 25 13 11
05 14 18 21 08
12 15 10 19 17
22 03 24 23 01
04 20 16 09 06
18 20 24 09 17
16 19 05 23 06
03 11 21 14 22
15 10 04 07 02
13 25 08 12 01
14 21 08 07 20
05 18 24 04 11
16 22 15 01 13
23 06 10 12 25
03 09 19 17 02
25 19 12 13 23
01 10 24 03 17
18 08 22 07 21
15 02 06 20 09
04 11 14 16 05
19 03 25 22 15
10 18 23 06 09
14 17 01 12 04
11 13 21 07 05
24 16 02 20 08
17 03 22 05 04
16 19 13 25 07
18 10 21 08 12
15 14 24 09 01
11 20 02 23 06
09 16 02 07 12
08 11 23 06 21
04 19 25 22 15
24 18 05 01 10
20 17 13 03 14
09 10 24 08 20
14 15 11 23 22
02 16 06 12 25
19 18 17 21 13
01 04 07 03 05
03 07 16 01 13
20 05 04 18 19
08 06 15 24 12
25 09 22 14 21
02 17 10 11 23
03 01 25 13 09
11 15 12 19 23
14 04 21 24 10
22 08 07 02 20
05 17 18 16 06
16 21 03 08 09
23 24 01 05 20
15 11 19 07 02
10 22 12 13 17
25 04 18 06 14
03 17 05 04 19
21 06 18 25 07
12 23 10 01 15
22 02 11 13 20
08 14 16 24 09
08 07 02 23 01
11 13 10 03 24
21 18 15 25 20
19 17 22 05 04
12 09 16 14 06
12 17 02 13 19
21 18 11 03 05
04 09 07 23 24
22 16 06 14 08
25 10 15 20 01
09 15 08 19 18
17 24 11 07 23
03 01 05 04 14
02 13 25 16 20
10 22 21 06 12
14 22 25 11 13
16 24 06 01 02
04 18 09 12 10
15 20 23 17 05
08 19 07 03 21
05 22 02 10 08
12 19 25 07 23
01 20 16 18 03
21 11 15 09 17
24 14 04 06 13
03 21 19 25 06
02 17 16 22 12
15 14 24 09 23
04 01 18 20 07
08 10 05 11 13
01 02 08 19 04
24 05 12 09 11
17 23 15 25 06
20 14 10 07 03
13 18 16 21 22
20 23 10 04 12
18 09 03 07 25
02 13 24 21 22
15 06 11 14 16
08 05 17 01 19
18 25 15 23 21
01 20 14 04 03
11 17 09 24 02
19 08 06 05 12
16 13 10 22 07
13 02 14 11 23
20 01 15 22 12
07 09 05 04 16
03 21 25 17 10
08 18 06 24 19
05 18 22 24 20
14 21 12 19 13
01 07 17 23 16
08 04 06 03 02
25 15 09 11 10
19 24 07 17 13
23 06 16 22 03
20 21 05 01 04
18 12 11 08 25
09 10 14 15 02
19 23 24 07 09
10 22 06 02 15
11 20 08 13 17
12 05 21 01 03
16 18 14 04 25
01 06 07 19 03
12 04 11 21 13
23 10 09 14 08
17 18 20 22 02
15 16 05 25 24
04 10 02 23 13
14 06 24 01 19
05 16 15 21 22
18 25 07 08 11
09 17 03 12 20
08 12 05 22 18
06 07 13 03 23
17 24 14 25 01
20 15 09 11 04
21 16 10 02 19
08 06 17 20 21 24 04 16 12 03 01 05 02 23 13 11 14 25 09 18 19 15 22 10 07
