30
16 07 04 10 25
22 20 02 18 23
12 17 09 14 11
08 21 19 05 13
03 06 24 01 15
13 24 09 10 17
03 11 16 14 20
04 07 02 19 18
21 05 23 06 08
15 01 25 12 22
23 16 21 03 15
08 04 20 07 25
02 14 24 19 09
17 01 10 22 12
05 06 11 18 13
08 13 16 01 20
22 05 06 11 04
10 14 07 03 19
24 12 02 17 09
15 21 23 25 18
01 04 11 23 15
05 21 17 08 13
22 10 03 12 25
20 14 02 16 19
18 24 07 06 09
14 19 24 13 16
17 25 03 04 11
10 21 01 08 09
23 22 18 05 15
07 06 20 12 02
03 09 16 04 23
01 12 11 05 14
02 18 13 17 19
10 24 21 15 20
22 06 25 08 07
05 13 07 10 19
09 02 17 25 20
24 03 16 18 04
12 14 22 21 06
01 11 23 15 08
18 23 25 09 22
12 20 02 24 07
16 21 11 03 14
17 06 04 10 13
19 05 08 01 15
14 08 18 23 03
19 17 20 15 13
02 04 01 07 06
24 10 22 05 21
12 09 25 16 11
19 13 22 10 25
23 01 07 05 12
16 03 15 06 11
18 21 09 17 14
20 02 04 08 24
14 18 17 15 07
19 25 12 02 09
01 04 24 11 13
21 08 06 05 23
20 22 16 10 03
10 23 17 07 15
03 08 13 05 14
22 11 06 21 16
19 09 18 04 25
02 24 01 20 12
08 04 06 09 25
05 03 13 02 07
12 17 21 18 22
11 14 23 01 15
16 20 24 19 10
02 15 10 20 03
05 01 09 17 23
07 22 16 12 24
08 13 11 25 18
21 14 04 19 06
15 09 13 07 06
18 03 17 23 16
08 10 01 12 20
05 24 25 02 19
14 22 04 11 21
14 17 21 23 20
19 02 07 01 04
13 10 16 11 18
22 25 09 15 24
03 08 12 05 06
04 15 25 16 06
17 23 20 14 07
18 19 12 10 05
24 08 22 11 01
09 02 03 21 13
09 05 19 11 18
02 04 03 10 16
08 01 07 13 22
20 21 15 12 25
24 17 14 06 23
08 05 18 13 15
14 04 01 20 24
16 06 02 17 12
22 10 11 03 07
21 09 23 19 25
19 24 20 11 07
18 15 05 22 02
14 17 12 01 21
13 08 10 23 04
09 16 03 06 25
21 22 08 14 13
12 01 19 18 09
05 25 07 06 10
24 04 23 20 15
17 16 03 11 02
05 23 11 08 10
19 14 12 03 24
01 15 07 18 16
06 21 04 25 13
02 09 17 20 22
17 12 14 08 09
05 23 06 19 25
11 04 20 10 22
18 03 01 24 15
07 02 21 13 16
05 20 16 08 15
22 10 02 06 23
18 01 14 07 04
21 25 19 17 11
13 24 03 12 09
05 23 22 24 11
20 18 25 08 03
16 12 06 07 01
02 10 21 14 13
15 09 17 04 19
06 09 04 11 14
18 23 24 05 21
08 25 01 15 02
19 20 22 03 13
12 17 10 07 16
11 23 13 01 02
15 21 10 20 05
17 14 22 19 07
09 16 06 08 24
03 25 18 04 12
10 02 24 13 05
12 16 08 23 17
09 25 22 07 15
21 14 03 20 04
18 11 01 06 19
15 23 22 21 01
08 16 09 12 10
02 17 11 25 24
05 18 14 13 04
06 03 20 07 19
13 05 14 12 21 20 18 24 25 19 10 11 22 17 23 02 09 15 08 07 01 06 03 04 16
