30
19 17 14 07 24
04 08 12 11 22
05 20 25 06 23
21 02 15 13 18
01 16 09 10 03
06 15 01 09 21
03 18 24 14 07
20 08 22 25 05
02 23 17 19 04
11 13 12 16 10
22 08 24 04 21
09 03 06 12 01
20 15 05 17 25
16 19 23 07 14
02 11 10 13 18
05 11 22 20 04
16 23 15 06 14
24 12 03 19 10
18 17 13 25 01
07 21 02 09 08
24 19 07 15 05
25 10 20 12 14
16 01 03 09 04
06 13 11 22 18
02 21 23 08 17
06 15 13 12 09
03 04 24 23 22
20 01 05 11 02
16 18 10 21 08
17 19 07 25 14
25 15 17 23 03
21 19 07 05 01
20 08 24 02 12
06 22 11 16 14
18 10 13 04 09
05 14 20 24 25
11 18 16 01 15
06 12 23 07 02
09 04 08 17 21
03 10 22 19 13
05 22 01 15 24
20 19 14 10 03
02 23 13 21 16
06 11 08 07 04
25 12 17 09 18
07 11 16 18 01
15 24 08 21 25
03 23 13 02 05
06 10 17 22 09
14 19 04 12 20
08 03 10 07 06
12 22 24 13 17
18 21 16 25 15
02 11 04 19 01
14 09 20 23 05
11 15 05 21 24
07 03 13 09 20
23 12 06 14 04
25 02 16 19 08
01 10 22 17 18
05 06 03 23 20
12 04 16 08 11
09 02 24 25 07
13 18 21 15 10
14 17 22 19 01
19 11 17 20 04
23 10 07 24 05
15 14 06 08 03
01 25 12 02 22
21 16 13 18 09
20 18 05 13 16
24 03 22 14 15
02 08 25 10 17
04 21 23 01 12
09 07 06 19 11
25 06 01 05 22
02 16 04 08 21
15 14 24 20 03
19 09 23 07 11
12 10 18 13 17
10 04 21 09 08
22 11 05 19 03
07 17 15 14 12
16 25 13 01 02
20 23 18 06 24
15 07 23 04 02
14 25 09 10 22
01 03 12 21 13
11 24 06 05 08
18 17 20 16 19
08 02 07 04 01
23 09 24 15 11
22 19 20 10 05
17 21 14 16 25
12 18 03 13 06
15 19 09 02 25
21 16 18 04 11
08 22 01 07 10
14 12 05 24 23
06 03 13 20 17
14 01 08 25 07
06 20 03 02 10
09 23 21 17 15
19 04 22 05 16
18 13 24 12 11
04 09 23 20 07
05 14 11 15 12
25 10 13 17 16
19 22 01 02 06
24 18 03 08 21
17 07 05 13 12
18 22 02 19 25
06 16 03 14 10
21 08 09 11 01
24 23 04 20 15
01 19 11 16 07
25 12 04 06 14
24 02 08 03 21
23 05 22 20 17
18 15 10 09 13
09 02 23 11 04
17 21 08 25 14
19 22 12 01 10
24 13 18 15 03
20 05 07 06 16
05 15 19 09 25
16 04 07 23 12
14 22 11 06 20
02 13 17 24 03
21 01 10 08 18
01 10 16 23 20
17 24 18 09 02
22 05 14 25 13
19 04 07 03 15
08 21 06 11 12
09 11 01 14 24
16 10 19 08 23
07 20 15 18 17
04 25 12 05 02
06 22 03 21 13
21 07 14 16 01
05 10 20 19 18
24 12 04 03 06
13 15 08 25 23
22 09 17 02 11
15 19 05 17 02
11 16 13 01 08
23 07 03 12 24
09 20 06 14 21
18 04 10 25 22
20 16 23 08 22 05 07 19 15 24 14 02 10 09 18 03 21 06 04 01 12 11 25 17 13
