30
17 09 15 13 02
10 01 22 12 03
25 08 14 18 16
24 19 04 23 20
07 05 06 11 21
21 09 03 17 02
14 24 01 08 11
13 20 16 22 18
05 04 15 06 23
19 07 12 25 10
25 12 24 05 14
19 22 10 17 20
01 13 16 09 03
02 06 04 07 15
18 23 08 11 21
06 01 14 07 04
16 12 08 05 11
17 10 03 20 23
22 13 25 15 09
02 24 19 21 18
11 20 09 18 22
16 12 07 02 06
15 24 05 10 14
17 03 19 13 04
08 01 25 21 23
20 08 03 19 22
11 16 18 09 12
21 06 02 13 25
14 15 04 05 07
23 24 10 01 17
21 10 04 22 17
08 07 11 24 12
06 15 19 20 05
16 25 14 03 18
02 23 01 09 13
06 21 04 22 11
19 03 12 20 18
25 05 15 02 16
23 24 17 08 09
07 13 14 01 10
15 17 10 21 14
16 09 18 23 20
11 24 08 25 22
13 07 19 02 03
12 04 05 06 01
07 06 16 19 15
01 22 02 12 04
08 18 05 20 25
17 23 24 09 03
10 14 21 13 11
06 24 19 17 12
03 16 05 14 25
01 11 15 08 09
22 20 21 18 07
23 10 04 02 13
21 18 11 15 25
12 09 02 23 24
16 03 06 05 13
01 07 10 14 17
22 19 20 08 04
01 05 18 02 08
07 17 10 13 11
04 23 12 22 16
25 19 03 09 14
15 24 21 06 20
14 21 03 16 11
24 17 08 13 23
18 01 02 19 25
07 22 04 10 09
12 15 06 20 05
03 21 04 13 20
02 11 09 10 19
24 15 12 05 08
16 01 18 17 07
23 06 14 22 25
03 25 19 23 12
21 09 02 08 13
06 20 04 05 10
11 17 22 07 24
16 01 15 18 14
11 20 10 15 02
09 01 24 25 18
08 23 22 06 14
21 07 03 17 05
04 13 19 16 12
12 24 20 11 17
09 06 10 01 08
15 13 14 02 19
21 18 25 05 16
03 07 23 04 22
08 10 14 03 04
11 23 01 07 25
02 17 09 18 21
24 19 12 06 15
20 05 16 22 13
14 22 10 17 11
16 24 01 07 03
19 18 04 23 25
21 09 05 12 20
13 08 15 02 06
17 02 01 04 14
20 10 13 22 23
07 08 19 25 11
05 24 21 16 18
12 09 15 03 06
03 02 01 23 15
24 10 16 19 13
22 05 08 17 09
12 14 25 18 21
04 07 06 20 11
05 24 17 12 13
16 10 18 22 21
11 07 01 08 15
20 14 09 19 03
23 02 06 04 25
10 08 16 09 21
07 15 05 14 20
22 17 13 19 12
11 04 02 23 18
06 25 24 01 03
24 19 10 20 14
09 05 07 17 08
06 11 04 13 01
12 18 02 25 23
21 22 16 03 15
16 22 13 24 01
08 21 05 14 03
17 23 10 20 15
12 19 06 09 04
11 18 07 02 25
25 22 12 05 11
04 02 07 14 18
15 13 06 01 08
16 19 23 20 17
10 03 21 09 24
07 19 11 15 10
14 13 17 03 05
20 24 22 02 16
08 06 04 01 12
09 23 21 18 25
13 16 02 18 08
17 06 04 19 20
22 11 10 23 03
15 24 09 12 21
14 05 25 01 07
25 18 19 12 14
06 03 17 13 05
15 11 20 16 10
08 02 22 09 04
01 21 23 07 24
17 08 22 06 25 10 19 24 13 09 04 14 03 18 01 15 11 07 16 23 02 20 21 12 05
