30
15 07 10 11 18
24 05 06 16 19
25 09 08 03 12
01 20 04 22 13
21 23 14 17 02
16 04 02 12 03
24 25 21 20 06
23 01 11 05 15
17 14 08 10 07
22 13 19 18 09
15 07 23 10 24
08 06 02 17 04
18 16 03 22 21
14 05 12 13 19
25 20 09 01 11
05 18 17 25 02
09 03 11 04 08
19 16 22 12 20
14 23 01 07 21
10 06 15 13 24
22 07 13 01 17
09 14 12 02 20
23 19 21 08 24
11 10 16 15 04
06 18 25 05 03
18 19 02 07 21
20 15 22 16 13
05 12 10 04 24
01 25 23 06 11
17 03 09 08 14
11 03 20 10 01
22 14 04 18 06
15 19 23 12 21
24 05 16 09 17
07 02 08 13 25
06 09 11 25 21
08 01 22 23 02
24 19 03 13 04
05 20 14 12 10
17 18 07 15 16
02 12 23 01 24
18 17 06 22 04
03 09 20 25 15
21 07 19 11 10
13 08 14 16 05
21 22 16 20 25
13 19 17 18 10
11 05 02 08 01
23 07 24 12 06
14 15 04 09 03
14 11 18 25 16
23 22 04 01 06
03 20 19 15 07
09 13 24 10 05
21 17 12 02 08
16 17 05 25 02
11 07 01 12 13
03 04 18 20 23
15 19 06 08 14
22 24 09 10 21
04 09 15 12 21
03 11 01 16 14
08 18 06 25 24
13 02 20 07 17
23 10 22 05 19
16 04 06 13 07
25 05 19 21 22
11 10 15 12 20
02 08 09 03 01
23 24 14 18 17
03 22 10 15 23
02 11 19 12 17
16 18 21 13 05
01 25 24 09 04
14 08 20 06 07
09 16 07 04 18
10 23 20 03 24
06 12 15 11 08
22 17 02 01 21
14 05 19 25 13
25 03 01 18 02
15 13 23 09 07
06 14 20 12 05
17 22 04 11 16
24 08 10 19 21
13 16 07 15 05
18 10 23 03 12
14 11 06 01 08
09 25 04 22 21
20 24 17 19 02
01 24 20 10 17
06 12 21 13 25
22 14 02 23 08
18 04 19 05 11
15 09 03 07 16
23 19 04 22 17
03 02 06 11 21
05 25 14 15 16
18 09 07 12 24
08 01 13 10 20
03 02 11 20 09
23 25 13 10 04
16 17 19 15 05
01 12 08 06 24
18 07 14 21 22
06 01 23 25 17
09 13 11 24 04
15 21 19 07 20
08 10 12 03 02
16 22 05 18 14
03 25 11 09 24
22 16 17 07 13
08 06 04 20 05
02 01 19 15 14
10 12 18 23 21
09 18 25 10 19
14 23 05 06 01
16 07 08 02 21
13 03 24 22 15
11 12 17 20 04
19 07 16 23 13
10 22 02 11 09
17 08 03 21 18
25 12 15 24 14
06 20 01 05 04
12 22 20 05 17
02 09 11 10 13
25 19 24 06 21
16 07 04 23 01
15 03 18 08 14
22 21 03 20 17
24 23 05 01 02
11 18 12 15 04
25 10 14 09 19
07 06 16 08 13
07 14 20 13 09
03 12 25 15 17
04 18 02 08 11
24 22 05 23 16
21 01 10 06 19
20 05 24 23 15
25 10 09 06 02
18 01 16 17 04
08 07 12 19 13
21 22 14 11 03
24 22 06 17 12
15 04 01 20 13
23 21 18 19 03
05 25 14 16 11
02 10 07 09 08
16 06 07 05 08 09 19 22 17 12 01 10 24 25 02 03 11 23 20 15 14 13 18 21 04
