30
18 06 20 16 11
24 21 23 17 25
02 15 05 01 22
08 09 12 03 13
19 10 04 14 07
01 14 04 06 17
23 24 08 11 20
19 21 18 12 25
07 15 13 09 05
10 02 16 03 22
23 02 24 07 12
08 11 21 18 14
06 01 13 03 05
09 04 22 17 25
15 16 10 19 20
05 04 12 06 01
22 18 10 21 20
13 09 11 19 25
08 15 23 16 07
17 14 03 02 24
03 01 12 05 21
02 18 17 16 08
25 23 24 11 06
10 20 04 07 13
22 19 15 14 09
19 16 21 09 07
22 06 01 10 24
13 05 11 20 18
04 25 23 08 14
17 02 12 03 15
07 13 18 03 17
05 04 10 19 21
23 22 15 09 01
02 06 11 20 14
08 25 12 24 16
09 02 13 18 10
05 07 17 01 24
03 22 19 23 12
11 06 15 14 25
04 16 08 21 20
12 22 11 20 18
10 25 09 19 08
13 02 07 23 16
05 14 24 17 21
15 06 04 01 03
24 25 05 19 14
15 09 07 12 08
21 01 18 04 17
02 06 13 20 23
03 16 11 10 22
02 17 16 12 04
05 06 09 25 22
15 07 11 13 01
20 14 19 18 10
24 08 21 03 23
08 23 02 07 09
20 16 13 22 15
05 21 19 24 01
14 03 25 10 06
17 04 11 18 12
09 10 21 25 22
05 04 02 01 07
08 16 24 23 14
17 20 11 12 19
18 15 03 06 13
05 07 03 16 18
12 04 23 25 08
09 15 24 11 19
02 13 14 22 06
10 01 17 21 20
22 10 18 24 03
06 15 08 14 11
09 02 13 19 07
23 04 17 25 16
05 21 01 12 20
06 18 13 19 05
16 15 03 09 07
24 14 25 04 10
21 23 02 20 17
08 12 01 22 11
06 03 23 04 20
08 01 07 12 05
11 24 16 02 09
14 18 15 25 13
10 17 21 19 22
18 12 02 04 25
24 07 10 23 11
16 14 05 20 01
19 06 08 09 03
22 21 17 15 13
19 22 11 18 14
04 07 05 20 16
25 08 12 15 23
02 21 09 10 01
03 24 17 13 06
13 21 18 25 06
17 05 16 22 07
15 19 23 10 11
24 03 20 09 04
12 01 08 02 14
11 05 10 04 06
17 14 07 20 13
18 09 24 08 25
03 12 22 21 02
01 19 23 16 15
14 02 07 13 18
05 23 09 24 25
16 15 19 06 08
01 12 17 04 03
21 11 22 20 10
11 13 23 01 10
03 05 18 20 22
21 14 07 08 09
04 15 25 02 19
06 24 12 17 16
20 04 14 25 15
13 05 08 10 17
01 22 23 03 06
12 16 02 07 24
21 09 18 19 11
17 20 03 09 13
15 14 25 21 23
04 05 01 02 10
08 06 18 24 19
12 16 22 07 11
10 15 11 16 05
17 14 21 24 20
18 09 13 25 19
01 04 08 07 06
12 02 23 03 22
03 08 21 04 17
06 09 23 12 15
18 05 14 19 10
24 22 07 16 25
20 13 02 01 11
14 22 20 02 05
07 15 12 06 18
24 09 16 08 03
13 17 01 11 04
10 25 23 19 21
19 05 20 04 13
24 22 10 07 01
25 06 21 14 11
02 12 09 03 15
17 18 23 08 16
23 13 25 22 01
21 07 15 17 18
09 10 20 06 04
03 14 02 16 24
11 05 08 12 19
08 16 19 10 12 05 22 06 24 14 04 20 09 23 07 17 18 01 21 25 15 13 03 11 02
