30
14 23 12 15 02
06 04 16 24 05
21 20 10 17 22
13 01 09 25 19
07 11 03 18 08
05 09 08 16 23
03 06 20 12 25
17 11 21 10 24
13 15 04 19 02
18 07 14 01 22
05 15 24 02 18
23 21 04 07 12
22 16 20 03 17
25 11 14 08 09
19 01 13 06 10
02 15 04 11 17
22 07 16 10 18
14 06 08 09 20
01 25 19 13 12
21 05 23 03 24
10 25 21 11 02
20 08 06 17 24
05 09 23 04 07
16 01 14 03 15
18 22 12 13 19
13 05 12 15 10
16 01 06 04 18
08 07 19 20 21
02 14 17 25 23
22 11 24 03 09
10 02 05 18 04
11 21 22 24 23
09 08 13 07 14
25 12 03 16 17
15 20 06 19 01
01 22 17 12 25
15 06 18 16 20
19 03 23 09 07
11 08 05 24 21
13 10 02 04 14
18 15 21 13 08
11 04 16 07 24
06 23 10 12 20
14 01 19 09 02
22 17 25 03 05
13 23 22 11 05
12 03 09 08 07
10 02 17 14 16
15 20 18 06 24
25 19 21 04 01
03 13 09 22 12
17 02 11 07 24
25 05 06 01 19
15 20 10 18 04
08 23 21 16 14
16 05 04 24 19
06 22 02 14 20
10 03 21 13 12
07 08 15 01 18
25 23 11 09 17
02 03 07 12 22
14 16 01 25 20
11 24 18 09 19
13 04 06 05 23
10 15 17 08 21
22 05 24 18 15
17 23 06 10 11
09 21 02 04 19
25 16 12 20 07
13 01 03 14 08
13 01 04 17 11
18 02 14 19 15
22 20 09 10 12
07 06 24 03 08
25 21 23 16 05
19 20 18 08 10
23 06 01 17 11
07 21 22 24 03
15 12 16 02 14
25 05 04 09 13
24 06 25 19 12
22 05 16 09 21
18 23 15 04 11
20 01 08 17 14
07 13 10 02 03
13 25 11 21 14
02 08 15 03 24
07 05 18 16 19
12 23 04 01 09
10 06 20 17 22
18 10 14 01 07
20 19 23 15 24
12 05 17 16 03
06 13 08 25 22
11 02 04 09 21
02 17 14 24 23
16 22 07 06 12
04 03 18 01 11
19 08 25 15 10
09 13 05 21 20
19 18 03 11 24
09 14 25 12 08
02 04 15 16 06
17 20 07 10 23
05 21 22 01 13
16 12 05 18 07
13 06 01 08 17
02 19 20 10 09
22 03 24 11 04
25 23 14 21 15
06 13 05 04 09
17 02 16 22 11
24 21 25 07 20
15 01 03 08 12
18 14 23 19 10
16 13 02 19 14
03 09 18 20 05
11 12 10 22 07
17 21 24 23 06
25 15 01 04 08
02 03 18 24 08
23 25 21 20 05
01 13 11 04 06
17 10 14 07 22
15 12 19 16 09
06 14 17 11 23
03 04 15 18 24
12 09 20 13 05
25 22 01 07 08
21 16 10 02 19
20 04 15 19 07
25 24 22 13 18
01 21 17 16 05
08 09 11 14 03
23 06 12 10 02
05 10 08 21 23
01 25 04 07 24
11 09 20 15 13
18 06 22 14 02
03 12 17 19 16
15 07 25 22 21
09 14 11 19 12
05 23 18 03 16
08 10 06 24 13
20 04 02 17 01
21 03 04 12 13
15 02 20 18 09
10 11 08 16 14
23 07 22 06 25
17 01 19 05 24
14 03 18 23 10 24 25 15 13 02 12 16 06 07 19 11 20 05 09 22 04 08 01 17 21
