30
02 24 13 16 22
05 04 21 07 14
18 01 25 10 03
23 09 08 17 19
15 06 11 12 20
02 24 13 16 22
05 04 21 07 14
18 01 25 10 03
23 09 08 17 19
15 06 11 12 20
02 24 13 16 22
05 04 21 07 14
18 01 25 10 03
23 09 08 17 19
15 06 11 12 20
02 24 13 16 22
05 04 21 07 14
18 01 25 10 03
23 09 08 17 19
15 06 11 12 20
02 24 13 16 22
05 04 21 07 14
18 01 25 10 03
23 09 08 17 19
15 06 11 12 20
02 24 13 16 22
05 04 21 07 14
18 01 25 10 03
23 09 08 17 19
15 06 11 12 20
02 24 13 16 22
05 04 21 07 14
18 01 25 10 03
23 09 08 17 19
15 06 11 12 20
02 24 13 16 22
05 04 21 07 14
18 01 25 10 03
23 09 08 17 19
15 06 11 12 20
02 24 13 16 22
05 04 21 07 14
18 01 25 10 03
23 09 08 17 19
15 06 11 12 20
02 24 13 16 22
05 04 21 07 14
18 01 25 10 03
23 09 08 17 19
15 06 11 12 20
02 24 13 16 22
05 04 21 07 14
18 01 25 10 03
23 09 08 17 19
15 06 11 12 20
02 24 13 16 22
05 04 21 07 14
18 01 25 10 03
23 09 08 17 19
15 06 11 12 20
02 24 13 16 22
05 04 21 07 14
18 01 25 10 03
23 09 08 17 19
15 06 11 12 20
02 24 13 16 22
05 04 21 07 14
18 01 25 10 03
23 09 08 17 19
15 06 11 12 20
02 24 13 16 22
05 04 21 07 14
18 01 25 10 03
23 09 08 17 19
15 06 11 12 20
02 24 13 16 22
05 04 21 07 14
18 01 25 10 03
23 09 08 17 19
15 06 11 12 20
02 24 13 16 22
05 04 21 07 14
18 01 25 10 03
23 09 08 17 19
15 06 11 12 20
02 24 13 16 22
05 04 21 07 14
18 01 25 10 03
23 09 08 17 19
15 06 11 12 20
02 24 13 16 22
05 04 21 07 14
18 01 25 10 03
23 09 08 17 19
15 06 11 12 20
02 24 13 16 22
05 04 21 07 14
18 01 25 10 03
23 09 08 17 19
15 06 11 12 20
02 24 13 16 22
05 04 21 07 14
18 01 25 10 03
23 09 08 17 19
15 06 11 12 20
02 24 13 16 22
05 04 21 07 14
18 01 25 10 03
23 09 08 17 19
15 06 11 12 20
02 24 13 16 22
05 04 21 07 14
18 01 25 10 03
23 09 08 17 19
15 06 11 12 20
02 24 13 16 22
05 04 21 07 14
18 01 25 10 03
23 09 08 17 19
15 06 11 12 20
02 24 13 16 22
05 04 21 07 14
18 01 25 10 03
23 09 08 17 19
15 06 11 12 20
02 24 13 16 22
05 04 21 07 14
18 01 25 10 03
23 09 08 17 19
15 06 11 12 20
02 24 13 16 22
05 04 21 07 14
18 01 25 10 03
23 09 08 17 19
15 06 11 12 20
02 24 13 16 22
05 04 21 07 14
18 01 25 10 03
23 09 08 17 19
15 06 11 12 20
02 24 13 16 22
05 04 21 07 14
18 01 25 10 03
23 09 08 17 19
15 06 11 12 20
02 24 13 16 22
05 04 21 07 14
18 01 25 10 03
23 09 08 17 19
15 06 11 12 20
01 20 13 08 25 21 17 07 16 09 24 19 23 15 04 06 12 14 02 03 10 22 18 11 05
