30
05 07 04 21 22
25 12 17 10 01
02 09 20 15 16
14 13 06 19 23
24 03 08 18 11
05 07 04 21 22
25 12 17 10 01
02 09 20 15 16
14 13 06 19 23
24 03 08 18 11
05 07 04 21 22
25 12 17 10 01
02 09 20 15 16
14 13 06 19 23
24 03 08 18 11
05 07 04 21 22
25 12 17 10 01
02 09 20 15 16
14 13 06 19 23
24 03 08 18 11
05 07 04 21 22
25 12 17 10 01
02 09 20 15 16
14 13 06 19 23
24 03 08 18 11
05 07 04 21 22
25 12 17 10 01
02 09 20 15 16
14 13 06 19 23
24 03 08 18 11
05 07 04 21 22
25 12 17 10 01
02 09 20 15 16
14 13 06 19 23
24 03 08 18 11
05 07 04 21 22
25 12 17 10 01
02 09 20 15 16
14 13 06 19 23
24 03 08 18 11
05 07 04 21 22
25 12 17 10 01
02 09 20 15 16
14 13 06 19 23
24 03 08 18 11
05 07 04 21 22
25 12 17 10 01
02 09 20 15 16
14 13 06 19 23
24 03 08 18 11
05 07 04 21 22
25 12 17 10 01
02 09 20 15 16
14 13 06 19 23
24 03 08 18 11
05 07 04 21 22
25 12 17 10 01
02 09 20 15 16
14 13 06 19 23
24 03 08 18 11
05 07 04 21 22
25 12 17 10 01
02 09 20 15 16
14 13 06 19 23
24 03 08 18 11
05 07 04 21 22
25 12 17 10 01
02 09 20 15 16
14 13 06 19 23
24 03 08 18 11
05 07 04 21 22
25 12 17 10 01
02 09 20 15 16
14 13 06 19 23
24 03 08 18 11
05 07 04 21 22
25 12 17 10 01
02 09 20 15 16
14 13 06 19 23
24 03 08 18 11
05 07 04 21 22
25 12 17 10 01
02 09 20 15 16
14 13 06 19 23
24 03 08 18 11
05 07 04 21 22
25 12 17 10 01
02 09 20 15 16
14 13 06 19 23
24 03 08 18 11
05 07 04 21 22
25 12 17 10 01
02 09 20 15 16
14 13 06 19 23
24 03 08 18 11
05 07 04 21 22
25 12 17 10 01
02 09 20 15 16
14 13 06 19 23
24 03 08 18 11
05 07 04 21 22
25 12 17 10 01
02 09 20 15 16
14 13 06 19 23
24 03 08 18 11
05 07 04 21 22
25 12 17 10 01
02 09 20 15 16
14 13 06 19 23
24 03 08 18 11
05 07 04 21 22
25 12 17 10 01
02 09 20 15 16
14 13 06 19 23
24 03 08 18 11
05 07 04 21 22
25 12 17 10 01
02 09 20 15 16
14 13 06 19 23
24 03 08 18 11
05 07 04 21 22
25 12 17 10 01
02 09 20 15 16
14 13 06 19 23
24 03 08 18 11
05 07 04 21 22
25 12 17 10 01
02 09 20 15 16
14 13 06 19 23
24 03 08 18 11
05 07 04 21 22
25 12 17 10 01
02 09 20 15 16
14 13 06 19 23
24 03 08 18 11
05 07 04 21 22
25 12 17 10 01
02 09 20 15 16
14 13 06 19 23
24 03 08 18 11
05 07 04 21 22
25 12 17 10 01
02 09 20 15 16
14 13 06 19 23
24 03 08 18 11
05 07 04 21 22
25 12 17 10 01
02 09 20 15 16
14 13 06 19 23
24 03 08 18 11
05 07 04 21 25 12 17 10 02 09 20 15 14 13 06 19 08 22 16 18 24 23 11 03 01
