6
20 12 18 24 11
23 10 21 13 01
15 05 16 08 22
06 04 19 03 09
07 17 02 14 25
11 01 05 15 08
16 04 02 12 18
14 24 06 21 03
13 22 17 25 07
10 20 09 23 19
20 21 04 14 19
09 17 10 23 06
16 12 13 24 07
05 08 01 22 25
03 15 11 18 02
21 19 15 16 20
03 04 24 01 23
06 08 12 07 05
09 11 13 25 14
10 18 02 22 17
02 15 16 23 01
20 07 13 19 10
21 17 09 18 03
06 04 25 11 12
05 24 22 14 08
19 04 13 24 01
02 16 23 22 09
14 12 11 10 18
25 08 07 17 05
06 15 21 20 03
09 15 06 24 25 08 14 01 18 19 05 23 17 13 11 21 03 12 10 04 02 20 22 16 07
