7
23 18 12 03 10
22 06 17 16 21
01 13 20 14 11
05 08 07 24 02
25 04 19 09 15
08 06 02 19 21
20 22 15 16 12
01 09 25 13 10
24 14 05 11 17
04 03 23 07 18
08 11 04 24 23
10 12 06 18 14
02 09 03 01 07
17 13 16 20 21
22 25 15 19 05
14 06 19 10 08
15 17 24 21 18
20 04 09 03 25
07 16 01 23 05
11 02 12 22 13
12 03 23 02 24
06 13 04 05 17
22 25 10 15 21
18 19 20 09 14
07 11 08 01 16
24 05 18 01 10
07 21 13 20 25
06 14 11 03 09
15 02 08 17 12
04 19 23 16 22
19 21 16 24 15
22 02 11 08 13
05 03 04 17 07
14 18 10 06 01
20 25 09 23 12
12 06 02 24 23 10 03 22 17 11 20 14 09 15 08 25 19 16 01 05 04 07 13 21 18
