8
19 14 18 24 17
11 01 03 09 23
16 10 05 06 13
12 04 08 21 20
22 07 25 15 02
02 12 09 06 18
07 03 19 23 21
05 13 04 16 24
14 08 15 22 11
01 25 17 20 10
21 23 02 07 20
17 12 13 10 14
01 08 11 03 09
24 22 05 16 19
04 15 25 18 06
04 19 15 20 13
03 24 08 21 16
11 23 25 18 12
17 14 10 07 05
01 09 06 02 22
23 14 18 09 11
22 08 10 05 13
16 25 07 04 21
17 19 06 02 01
24 12 03 15 20
08 20 16 15 22
14 01 04 12 10
11 21 03 19 06
05 24 13 18 02
17 07 25 09 23
01 12 05 21 10
13 22 19 23 17
18 20 11 09 06
14 16 03 08 25
02 07 15 04 24
22 06 21 25 07
11 04 14 16 09
08 05 12 02 10
19 13 03 01 23
18 17 15 20 24
21 24 19 14 04 17 06 09 10 15 02 03 20 18 16 23 07 22 12 08 11 25 13 05 01
