9
13 05 23 19 10
18 15 07 16 12
03 09 21 02 11
20 22 25 06 01
04 24 08 14 17
23 18 19 06 10
14 08 11 12 22
05 13 15 16 24
25 03 07 02 17
01 21 09 04 20
18 07 12 24 19
09 22 17 08 02
13 25 10 04 01
16 15 21 03 11
05 06 20 14 23
12 24 15 25 04
01 07 06 10 17
16 02 05 21 09
19 13 03 08 18
20 14 23 22 11
14 17 11 20 19
24 03 15 04 02
12 08 09 06 16
18 22 10 05 07
25 21 01 23 13
25 18 11 07 10
13 19 22 08 14
02 20 06 15 24
16 01 23 09 05
17 04 03 12 21
03 15 01 25 08
17 21 07 23 20
18 11 14 13 02
12 24 16 22 06
09 19 04 05 10
11 23 18 22 09
07 24 19 10 14
05 08 13 03 02
15 06 04 01 25
17 16 12 21 20
11 18 04 24 12
20 08 03 16 14
02 25 06 07 13
21 09 23 01 19
15 17 22 10 05
01 19 03 08 02 14 12 16 25 10 24 18 09 22 13 06 11 23 07 05 15 20 21 04 17
