10
23 12 08 25 19
18 13 11 24 15
06 20 02 07 17
22 03 04 09 01
21 10 05 14 16
14 01 20 11 25
12 02 03 21 04
16 18 08 06 22
19 10 15 13 09
24 07 05 17 23
19 18 02 09 08
23 25 24 14 22
21 13 17 01 15
20 10 03 12 07
11 16 04 05 06
18 13 15 23 04
03 20 02 12 16
09 22 06 14 11
19 17 10 25 08
05 01 07 21 24
04 11 12 03 18
01 02 09 23 08
19 10 17 07 06
15 21 25 22 05
24 14 13 16 20
24 16 01 12 17
21 08 07 19 05
25 14 06 11 22
13 02 04 03 20
23 18 09 10 15
08 24 12 11 05
04 22 23 19 25
17 16 01 13 02
07 03 06 20 09
15 14 18 10 21
09 21 23 16 01
05 07 19 03 24
22 10 15 02 12
13 08 14 04 25
11 20 18 06 17
16 10 03 06 04
24 15 11 22 08
02 01 18 13 17
25 19 12 21 05
14 23 09 20 07
02 15 09 18 03
05 12 22 08 07
20 01 06 17 14
24 13 21 19 23
11 16 25 10 04
21 23 17 14 19 18 01 20 10 13 03 22 11 16 15 24 07 12 06 08 04 25 05 09 02
