11
11 24 17 19 09
15 20 03 12 10
13 21 07 25 04
23 01 02 08 18
06 14 22 16 05
01 14 22 21 04
18 09 16 11 20
12 15 24 06 19
13 17 05 23 03
10 25 02 07 08
12 24 06 21 22
03 04 20 08 01
14 13 07 09 05
25 02 10 18 11
15 19 23 17 16
21 04 24 09 19
11 08 03 14 25
06 05 01 17 10
22 13 20 07 23
18 12 16 15 02
02 10 15 20 07
25 03 04 06 16
12 19 05 08 11
14 21 13 01 09
22 18 24 17 23
04 03 24 02 10
20 17 12 07 09
01 22 05 11 23
18 25 08 13 06
16 15 21 19 14
25 10 19 16 12
15 05 21 11 20
22 14 18 07 01
23 13 08 17 06
24 03 09 04 02
04 01 11 15 25
24 13 16 07 19
21 08 17 02 12
22 05 23 18 10
06 20 09 14 03
23 12 13 21 14
02 22 24 08 15
18 16 11 20 10
17 07 25 19 06
05 03 09 04 01
15 21 02 03 18
08 04 01 12 06
07 10 13 09 19
11 16 25 24 22
05 20 17 14 23
10 20 15 02 14
08 24 05 19 25
17 09 12 22 13
11 07 04 16 06
18 21 03 01 23
05 19 18 15 01 12 11 16 13 22 06 02 20 03 21 14 08 07 04 23 17 10 24 25 09
