12
17 13 10 21 14
12 11 15 08 20
25 23 24 05 07
03 09 16 02 19
18 04 06 22 01
23 20 24 19 07
13 16 02 12 08
17 25 01 18 03
05 10 21 22 15
09 04 11 06 14
05 23 12 14 06
09 11 21 18 08
02 22 15 24 03
20 01 04 17 19
10 16 25 07 13
01 25 18 23 11
07 21 24 13 14
02 08 22 10 05
17 15 03 04 19
09 16 20 06 12
17 23 12 18 13
14 10 03 22 05
25 16 11 20 01
09 07 21 06 08
19 24 02 04 15
16 04 14 03 11
25 08 17 21 02
24 07 15 13 06
09 01 23 18 05
19 12 22 10 20
09 14 13 19 04
06 07 02 11 21
03 25 15 08 01
24 23 16 20 10
18 22 05 12 17
07 03 11 02 08
13 14 22 09 16
04 18 23 12 20
15 01 19 06 24
17 25 10 21 05
25 08 14 24 20
01 07 12 15 11
22 04 23 17 03
13 05 19 18 16
21 02 06 09 10
23 20 08 18 07
06 16 04 02 12
25 17 24 11 03
09 21 15 01 10
05 22 14 19 13
22 23 12 11 05
13 08 18 16 06
19 10 03 25 01
15 24 07 20 04
09 21 02 14 17
23 06 25 04 03
11 02 12 14 22
08 05 24 07 15
13 09 19 20 16
18 17 21 01 10
03 17 21 25 09 05 11 24 13 14 08 16 02 07 22 15 06 18 04 10 20 23 12 01 19
