13
19 15 11 06 20
09 07 17 22 25
23 13 03 10 16
05 08 21 12 14
24 02 01 18 04
01 25 03 14 16
05 11 13 06 23
21 17 22 09 15
08 18 19 12 24
10 20 02 07 04
10 05 25 11 24
09 23 14 15 13
02 12 21 22 08
19 16 20 06 17
03 07 18 01 04
16 08 23 07 05
19 11 21 13 14
01 22 12 15 03
20 17 06 04 09
24 25 02 18 10
19 13 14 05 22
02 04 15 21 11
17 20 09 12 18
08 25 03 16 01
24 10 06 07 23
05 20 18 23 19
15 13 01 11 09
25 02 22 07 17
08 24 16 21 03
06 04 10 12 14
14 15 25 22 06
17 16 24 13 12
19 07 18 11 03
08 05 01 10 20
21 04 02 09 23
25 12 15 07 04
08 10 17 03 24
13 11 05 19 02
18 22 06 09 01
14 20 16 21 23
08 11 09 17 21
14 01 02 19 15
03 13 23 18 07
24 22 12 10 06
05 16 04 25 20
10 01 06 17 25
15 21 16 03 11
20 02 18 22 14
07 09 08 24 23
19 12 13 05 04
06 19 11 15 02
14 03 16 04 07
17 12 22 24 20
21 13 10 01 23
25 08 09 05 18
03 17 19 06 10
24 22 12 08 25
16 23 04 18 01
13 05 21 14 07
11 02 20 09 15
09 10 02 17 24
08 20 07 11 05
18 25 04 03 06
12 22 15 01 19
21 16 14 23 13
16 13 04 02 09 18 12 23 19 21 24 01 17 20 08 03 06 05 22 11 15 07 25 10 14
