14
19 15 25 09 07
10 24 12 21 17
11 16 01 23 03
20 08 18 22 04
05 14 13 06 02
11 17 20 22 16
07 08 19 23 02
03 09 05 13 18
04 01 06 14 15
24 25 21 10 12
11 25 09 22 16
10 08 12 21 14
13 06 24 18 23
07 15 02 19 05
17 01 04 20 03
16 08 25 05 07
24 01 13 12 23
22 18 15 06 02
21 11 14 09 20
17 10 03 19 04
15 02 09 12 11
10 18 23 20 01
05 24 22 08 04
03 17 06 25 07
14 19 21 13 16
17 05 08 24 16
06 13 15 18 19
14 02 12 23 20
03 25 10 11 07
21 01 09 22 04
14 02 03 25 11
24 23 20 05 15
16 18 12 22 04
21 13 19 10 07
08 01 09 06 17
20 05 04 10 19
24 09 13 18 08
07 22 23 17 25
06 12 21 11 01
15 03 16 14 02
25 17 02 01 06
19 22 24 21 16
03 05 18 20 15
08 23 07 14 11
10 13 09 04 12
10 25 24 22 08
04 18 12 21 09
07 17 14 06 01
05 11 19 15 13
23 16 03 20 02
13 20 01 09 17
03 05 07 22 08
23 24 21 14 25
15 10 04 12 06
02 19 16 11 18
11 13 18 02 04
17 20 09 03 12
16 23 08 22 21
15 24 25 01 05
10 14 06 07 19
20 15 16 06 24
02 11 18 09 12
10 17 04 13 07
03 19 22 05 01
08 21 14 25 23
04 13 20 15 10
14 02 18 01 05
12 09 08 06 21
24 25 07 03 11
17 16 19 22 23
15 23 16 05 07 13 14 03 09 12 24 06 17 04 18 22 20 21 11 01 19 08 10 02 25
