15
09 11 14 13 04
12 18 24 03 10
16 01 23 22 20
19 06 21 17 15
07 05 25 02 08
09 22 24 25 18
20 14 01 03 12
13 08 23 16 19
11 06 17 05 10
04 15 07 02 21
17 20 18 11 07
02 22 21 23 24
09 13 03 15 25
19 01 05 04 08
10 06 12 14 16
07 16 19 25 04
23 02 08 17 03
05 21 15 11 18
24 09 12 20 10
13 01 14 22 06
05 22 08 24 23
11 06 15 16 18
20 21 19 07 02
14 13 25 01 09
04 17 03 10 12
25 12 14 24 17
03 10 11 18 07
16 08 13 19 22
15 02 21 04 05
01 20 23 09 06
13 08 09 04 25
16 24 05 19 15
20 06 01 21 22
17 07 12 03 18
11 10 23 02 14
15 05 13 03 01
11 18 20 08 06
22 23 14 19 24
25 17 02 21 10
12 07 16 09 04
04 14 17 18 21
24 08 23 07 09
02 10 16 13 19
03 01 20 05 12
06 22 11 15 25
07 16 10 23 21
15 01 19 12 18
08 13 04 25 20
24 05 17 06 03
14 09 11 02 22
04 23 19 11 14
06 16 17 03 01
25 22 07 05 12
20 24 13 15 02
10 18 09 08 21
01 17 22 15 08
25 06 11 21 14
10 04 09 02 18
13 07 16 24 20
03 05 23 19 12
14 18 19 06 16
02 07 08 11 03
09 01 04 05 22
21 13 23 17 12
25 15 20 10 24
12 01 22 06 18
02 24 03 14 20
09 13 08 07 04
11 19 05 17 25
15 10 21 23 16
04 24 03 05 07
15 10 11 21 06
20 23 08 19 12
02 25 01 17 22
18 09 16 13 14
23 07 08 21 18 10 25 01 09 12 05 11 20 19 03 24 16 22 17 06 15 13 14 04 02
