16
07 04 03 22 10
21 11 01 15 05
13 25 20 23 14
09 18 19 16 02
12 08 24 17 06
04 02 20 14 15
09 21 07 24 05
11 03 18 08 17
01 22 13 12 19
25 06 10 23 16
14 11 08 06 25
12 04 18 10 09
16 24 02 13 20
17 15 19 05 21
03 07 01 22 23
02 16 11 12 04
23 06 17 10 14
13 03 09 07 21
20 05 18 08 24
15 19 25 01 22
13 02 01 19 09
18 08 06 20 22
10 05 17 23 12
25 14 21 24 07
11 04 15 03 16
04 02 16 07 12
15 01 03 17 19
13 14 21 18 06
11 22 05 20 08
23 09 10 24 25
25 05 19 07 15
21 16 04 22 13
11 01 17 23 20
10 03 18 14 24
12 09 02 08 06
12 08 11 14 05
09 16 19 17 23
10 02 07 24 25
21 18 04 01 06
20 13 22 15 03
23 17 22 24 18
08 13 01 14 07
03 06 04 16 12
21 05 19 25 15
02 10 11 09 20
20 12 09 17 10
25 06 05 02 08
15 03 23 14 11
13 07 01 16 19
24 22 21 04 18
17 14 11 07 16
03 06 18 24 04
13 15 25 22 09
20 01 19 12 21
02 05 23 10 08
01 08 15 13 05
17 18 22 20 24
25 04 06 19 21
10 02 14 11 16
03 09 07 12 23
06 10 02 19 07
03 15 13 05 17
14 04 21 01 25
12 18 08 11 22
09 20 24 23 16
12 13 10 03 18
06 04 09 15 22
02 21 01 05 08
25 17 19 23 20
16 14 07 11 24
05 17 23 02 12
16 24 14 08 21
19 13 09 07 20
18 11 06 15 04
01 10 22 25 03
02 15 05 19 11
09 06 12 08 24
23 18 22 25 21
16 17 14 10 04
07 13 01 03 20
14 22 23 06 01 19 03 18 11 10 25 20 15 04 09 16 21 02 12 07 08 13 17 24 05
