17
17 09 21 13 06
22 04 19 11 05
18 03 12 02 16
10 24 20 07 15
08 14 25 01 23
06 09 11 18 03
02 05 21 10 15
25 24 04 17 08
16 20 22 07 13
12 19 23 01 14
14 10 25 24 05
06 13 18 04 11
21 03 16 12 07
23 15 09 20 08
19 17 22 01 02
01 07 02 13 04
18 19 15 06 17
14 24 12 03 05
08 11 09 16 23
10 25 22 21 20
23 11 24 20 09
17 14 08 25 12
15 19 07 10 22
04 21 03 06 13
02 16 01 05 18
22 08 24 01 19
10 04 18 15 05
25 21 20 06 09
13 16 11 17 02
14 07 03 12 23
08 22 19 03 18
14 24 12 11 21
09 10 02 25 01
04 06 07 17 15
13 16 05 23 20
25 20 16 13 24
10 21 01 08 14
17 05 03 07 06
02 15 22 19 11
12 04 23 09 18
18 06 14 19 12
16 01 20 09 17
24 08 15 21 04
02 13 23 11 25
03 07 22 05 10
03 08 10 05 11
04 21 01 12 20
19 17 16 25 15
24 18 22 02 06
13 09 14 07 23
11 08 14 12 24
05 20 15 01 09
03 02 19 17 18
23 22 10 04 06
21 13 16 07 25
20 23 08 13 10
09 03 19 02 17
14 04 06 07 15
25 24 16 21 12
22 01 05 11 18
23 07 16 03 04
24 17 14 08 06
09 01 20 22 05
10 15 12 18 19
21 02 25 11 13
11 18 12 01 05
20 25 08 09 14
10 13 03 24 23
02 07 06 16 04
21 19 17 15 22
08 07 23 01 05
16 14 20 09 03
21 18 13 11 15
02 06 25 24 12
04 17 10 22 19
11 24 18 16 01
09 05 17 19 22
02 07 21 04 06
14 03 13 12 15
23 20 25 10 08
24 12 20 03 02
22 11 04 13 10
07 05 18 15 01
23 17 08 06 25
14 19 16 09 21
12 08 18 09 14 17 21 16 25 20 04 11 13 23 01 06 24 02 03 22 07 19 10 05 15
