18
11 09 03 25 13
01 05 04 22 19
02 06 15 20 18
24 10 08 17 07
21 23 12 14 16
21 14 02 03 13
19 06 16 01 09
20 25 07 22 17
24 10 15 08 11
05 23 18 04 12
09 16 22 13 14
23 20 10 11 05
17 21 02 18 08
15 25 19 24 06
03 01 12 04 07
19 15 17 08 10
18 12 21 03 02
22 13 07 11 20
25 09 06 16 05
01 14 23 24 04
13 12 14 17 01
05 08 21 02 04
03 19 09 20 07
15 16 25 22 23
11 06 24 10 18
04 14 18 07 03
15 08 23 12 05
24 17 16 10 20
13 11 19 06 22
01 02 21 09 25
10 24 16 01 19
13 17 20 03 02
08 23 09 15 11
25 12 06 18 21
07 05 14 22 04
06 05 14 22 13
02 11 03 23 21
16 07 09 10 15
08 24 04 20 25
01 19 18 12 17
13 09 22 07 15
14 17 03 06 04
08 18 23 25 24
11 20 02 16 01
10 19 12 05 21
13 09 21 22 01
14 18 05 25 23
03 06 12 08 19
20 11 24 17 16
15 10 07 04 02
25 11 23 12 24
09 20 08 04 15
06 17 21 10 07
16 22 03 05 02
18 19 14 13 01
06 19 13 03 25
14 22 10 15 24
11 02 20 09 23
12 05 08 01 07
21 04 18 16 17
18 23 04 21 19
11 06 15 02 10
07 08 17 24 22
12 20 13 09 01
16 25 03 05 14
01 07 13 22 10
23 03 12 17 25
08 15 20 18 05
04 11 02 14 19
16 06 21 24 09
14 04 02 13 25
03 21 19 05 12
09 10 15 17 22
24 20 16 06 23
18 01 07 11 08
19 08 24 23 15
14 20 22 07 03
04 06 13 12 21
25 11 10 02 18
16 01 17 09 05
09 06 21 03 05
15 24 12 17 01
22 25 20 07 10
08 19 16 11 02
18 04 14 23 13
15 05 13 09 18
17 06 24 22 23
21 04 11 25 20
03 08 02 10 19
14 12 16 07 01
23 03 06 05 19 18 12 17 24 11 13 01 25 04 08 14 21 16 20 09 22 10 02 07 15
