19
25 14 19 15 06
23 01 07 05 20
17 22 21 04 08
18 09 12 13 16
24 03 02 10 11
04 05 18 03 16
12 08 15 11 09
01 23 17 14 24
10 13 19 22 07
25 20 21 06 02
04 02 14 25 22
10 23 19 20 11
17 05 09 03 15
16 12 07 13 21
01 18 08 24 06
01 16 13 07 17
25 11 22 09 18
23 06 05 12 10
24 15 04 21 14
03 02 20 19 08
03 08 17 25 05
22 01 14 09 19
02 21 18 23 24
20 07 16 06 15
13 04 10 12 11
15 18 07 14 10
17 24 01 11 20
05 02 03 19 08
06 21 12 25 23
22 04 09 16 13
13 05 23 17 06
09 02 25 04 16
12 15 11 10 08
19 03 01 21 14
22 18 24 20 07
21 11 22 25 12
13 07 23 03 19
04 14 02 17 20
16 24 08 15 06
01 05 18 09 10
22 11 21 17 01
13 19 24 07 06
08 09 16 14 20
23 12 18 10 15
25 03 02 05 04
24 23 15 19 25
22 20 14 21 11
03 06 10 12 17
08 01 16 09 18
07 13 02 05 04
10 23 07 17 25
03 14 04 22 13
18 24 05 06 12
08 02 20 09 16
01 11 19 21 15
10 20 06 15 22
09 14 16 07 23
17 05 21 25 01
13 24 19 11 04
12 08 03 18 02
24 21 07 25 16
05 19 23 17 08
18 15 12 11 22
14 10 01 03 06
02 04 13 20 09
12 08 02 09 13
11 04 14 23 06
15 03 10 07 25
24 01 19 17 22
05 18 16 20 21
24 06 13 03 07
02 01 11 09 23
10 19 22 04 16
21 17 08 14 12
15 18 20 05 25
14 17 04 07 19
20 11 08 01 12
15 18 02 09 24
06 03 21 25 05
13 10 22 16 23
04 14 12 02 22
10 18 05 09 11
17 08 15 21 07
24 20 03 06 19
13 25 16 23 01
10 11 22 25 05
24 01 06 19 02
15 20 18 16 09
04 07 08 03 17
14 23 13 12 21
17 02 14 18 20
12 10 25 21 04
24 15 09 19 01
06 11 22 16 23
08 05 03 07 13
19 09 12 04 15 24 05 21 08 17 13 18 11 25 03 16 10 23 20 01 14 06 22 07 02
