20
24 25 15 04 22
17 14 01 05 19
23 02 10 16 18
12 03 07 13 06
08 20 11 09 21
21 22 08 25 05
10 04 11 14 13
02 20 09 06 03
24 07 01 19 18
23 17 16 12 15
07 02 14 24 22
17 25 08 19 16
11 15 04 18 23
05 12 01 21 13
09 20 03 06 10
23 15 09 12 03
01 20 06 04 11
08 21 24 14 13
25 18 19 07 22
02 16 10 17 05
20 23 08 19 24
12 04 07 03 05
18 15 10 21 01
02 25 22 17 11
16 06 13 09 14
12 25 14 05 20
01 13 19 15 06
22 21 17 07 09
04 11 03 16 10
02 18 08 24 23
02 12 03 20 18
17 08 09 25 04
01 05 15 13 11
14 16 23 21 06
19 22 10 24 07
13 07 24 02 17
12 08 11 10 20
03 16 18 09 01
15 14 05 04 23
21 19 22 06 25
03 12 04 15 11
07 09 18 02 13
06 14 23 22 20
05 01 19 24 08
21 25 17 16 10
07 11 23 22 12
21 08 10 16 14
19 18 17 24 15
13 06 01 20 25
05 09 02 03 04
15 24 14 19 02
17 20 13 12 21
03 10 05 25 09
08 22 16 11 04
07 06 18 23 01
08 13 24 03 16
12 05 10 07 14
19 20 11 04 02
21 22 01 23 09
15 25 18 17 06
05 18 24 15 04
20 25 08 19 06
12 16 14 01 09
07 03 10 22 17
21 02 23 11 13
13 24 14 09 22
12 07 11 23 21
10 19 17 20 02
05 04 16 15 01
18 06 25 08 03
03 19 08 10 12
09 11 02 07 20
25 22 05 04 24
01 21 18 13 06
23 16 17 15 14
06 15 11 25 04
03 02 17 12 13
07 20 21 08 18
10 14 05 24 01
23 09 16 22 19
13 09 23 24 06
04 19 21 05 02
15 03 20 11 22
25 10 12 16 07
14 18 17 01 08
15 25 03 21 01
17 19 18 13 11
23 12 10 22 16
14 08 09 24 07
02 04 20 06 05
04 16 02 14 19
18 23 20 08 21
12 17 05 24 06
01 15 11 22 10
07 25 09 13 03
10 13 17 09 04
08 11 12 14 22
21 05 18 07 16
23 15 20 24 01
02 19 03 06 25
18 20 21 09 19 04 08 06 07 03 17 01 12 25 10 22 14 15 23 02 13 16 24 05 11
