21
01 12 19 25 23
20 08 18 10 02
22 16 09 07 05
04 21 06 14 03
24 11 17 15 13
12 17 16 03 19
21 24 07 13 23
11 05 06 20 01
09 15 14 08 04
10 22 02 18 25
11 06 08 20 18
22 04 09 23 19
12 24 01 25 15
21 14 02 05 10
07 13 03 16 17
11 19 18 04 25
02 21 07 13 12
20 03 08 06 22
16 05 09 01 10
14 17 15 23 24
20 16 15 17 19
18 21 22 06 13
08 07 01 24 11
09 25 10 23 12
02 03 04 14 05
24 04 06 18 01
25 12 13 05 10
08 16 02 14 17
19 23 22 20 09
15 21 11 03 07
17 15 02 04 14
09 13 03 19 16
20 22 07 12 10
21 05 11 23 06
25 18 24 08 01
13 24 21 17 06
20 22 19 11 01
18 23 12 10 07
05 25 03 02 09
08 04 14 15 16
05 02 14 23 20
12 11 03 13 25
01 16 15 24 10
07 17 21 04 09
22 06 19 18 08
01 10 07 04 14
17 21 11 09 18
13 19 12 16 05
23 02 25 22 20
24 08 03 06 15
18 05 16 04 23
10 01 12 11 06
24 07 03 15 14
22 19 13 25 02
21 09 17 20 08
01 16 17 20 09
07 18 04 11 21
03 06 12 14 19
05 08 13 02 22
24 25 10 15 23
18 19 03 21 01
24 12 17 20 02
07 10 04 23 08
16 11 14 15 22
05 09 13 25 06
20 06 16 02 10
07 05 22 13 23
11 04 09 03 01
14 12 21 18 17
25 24 15 08 19
02 14 07 12 19
13 22 08 16 05
15 10 11 17 18
21 23 09 20 06
01 03 25 24 04
17 19 18 04 06
08 01 14 16 02
21 05 25 09 24
11 03 07 20 22
23 12 10 15 13
03 08 05 12 04
10 11 06 25 13
02 17 20 15 07
18 24 23 16 21
09 19 22 14 01
03 05 25 17 14
16 01 12 19 13
06 22 20 08 24
07 09 18 11 21
15 04 10 02 23
24 23 07 01 06
05 21 18 22 02
08 12 17 03 11
14 10 20 19 16
13 04 09 25 15
25 24 15 05 12
09 19 01 18 03
13 22 06 07 11
16 14 10 20 04
08 21 23 02 17
23 14 11 18 20
10 22 12 06 02
19 13 08 04 07
24 09 05 01 25
21 16 17 03 15
15 16 10 13 18 03 06 02 24 14 22 19 23 12 07 20 11 25 09 17 01 21 04 05 08
