22
10 23 17 02 18
16 25 01 04 20
06 15 08 07 12
03 21 11 19 24
13 22 05 09 14
05 09 04 16 24
01 10 25 06 03
13 22 21 02 23
19 08 18 17 12
07 14 11 20 15
02 03 05 16 17
07 21 10 11 15
22 20 18 13 09
01 25 24 23 19
06 12 14 08 04
19 10 24 02 03
17 25 07 16 18
14 04 08 06 11
13 01 20 22 05
12 09 15 21 23
15 20 17 14 02
23 13 03 04 18
22 21 05 16 06
12 24 11 19 07
01 25 10 08 09
12 04 01 22 23
14 08 09 19 05
21 03 18 10 16
17 24 06 25 20
11 13 07 02 15
12 06 01 25 24
09 20 19 10 15
11 13 14 03 04
05 21 08 02 23
22 18 16 07 17
14 02 12 10 09
11 05 24 07 13
15 17 03 06 08
20 16 23 22 04
19 01 21 18 25
03 22 09 02 04
05 10 14 19 12
21 24 06 01 07
20 11 13 25 15
08 18 23 17 16
14 20 21 10 25
24 04 08 23 19
16 12 02 03 05
17 01 22 07 11
18 15 13 09 06
10 15 21 04 20
19 18 17 22 24
13 06 01 12 11
25 07 02 14 09
23 03 05 16 08
03 25 02 15 06
05 21 09 10 17
22 20 14 19 13
11 08 12 16 07
01 23 18 24 04
12 17 15 02 05
18 22 04 01 14
07 09 25 19 21
10 11 13 16 24
06 03 23 20 08
18 25 07 14 10
13 21 03 19 02
05 16 17 20 08
22 09 15 04 23
24 11 06 12 01
19 13 04 21 20
03 16 08 06 24
14 22 02 11 01
18 07 05 12 17
25 09 10 23 15
07 02 25 17 08
24 15 14 21 16
18 03 11 05 20
01 04 13 19 23
12 06 09 10 22
10 01 25 22 12
17 07 11 20 23
09 14 13 19 21
04 03 18 06 16
24 08 02 05 15
21 07 13 25 12
11 16 10 22 01
24 20 14 18 19
23 17 04 06 02
09 03 08 05 15
25 13 20 17 03
18 01 02 24 19
16 07 14 22 11
10 09 08 15 23
21 06 05 04 12
16 03 09 12 21
10 19 13 22 05
01 11 20 25 23
17 08 04 14 18
24 02 15 07 06
23 02 10 11 08
07 24 05 13 12
14 20 18 25 01
21 16 19 09 22
17 15 03 04 06
04 12 08 21 24
14 10 25 20 18
19 13 22 01 07
09 05 16 02 11
06 23 15 17 03
07 11 05 20 16 09 24 08 06 01 10 02 04 12 15 22 13 21 17 18 25 19 23 14 03
