23
01 03 17 20 02
13 10 22 14 11
15 21 08 07 16
23 24 05 12 06
09 19 18 04 25
17 16 19 21 11
23 10 03 20 09
15 06 24 14 08
12 13 25 04 18
02 22 05 01 07
05 19 22 17 25
06 11 12 07 14
24 08 23 13 15
02 03 09 16 18
04 01 10 20 21
01 03 02 15 07
20 16 19 23 04
14 12 25 06 22
24 13 05 18 10
21 17 09 08 11
18 23 20 07 12
15 22 06 13 17
02 19 14 03 21
09 24 01 16 11
25 04 08 10 05
23 06 08 15 04
19 07 14 20 12
05 17 11 09 25
02 24 01 18 16
03 13 21 22 10
09 13 10 20 18
01 15 04 16 06
17 24 19 05 11
02 25 03 21 07
08 23 22 12 14
05 09 24 14 11
16 17 15 20 04
19 22 13 12 25
10 21 23 01 03
06 07 08 02 18
22 06 25 09 20
05 14 18 11 10
21 07 02 16 23
19 01 12 17 03
13 08 15 04 24
07 19 09 01 11
03 12 10 20 24
22 04 06 15 25
17 08 14 16 13
05 18 23 02 21
04 22 21 16 25
03 07 23 02 17
09 01 10 05 20
18 11 12 14 08
13 24 06 15 19
03 19 23 25 11
01 16 04 05 07
13 09 08 06 17
02 24 10 18 12
14 20 15 22 21
21 02 22 20 12
01 06 10 04 17
05 08 23 24 16
19 07 18 03 25
13 14 09 11 15
25 24 02 17 22
12 20 06 07 10
23 18 08 01 03
16 15 05 13 09
14 21 04 19 11
18 14 23 15 21
03 12 20 05 01
09 07 10 04 13
08 17 24 06 19
11 02 22 25 16
11 13 17 07 05
25 14 16 15 19
21 18 02 12 09
06 03 22 24 23
04 01 20 10 08
13 24 21 04 16
10 25 06 09 05
12 20 11 18 07
14 02 15 01 17
19 08 22 23 03
04 05 21 11 25
07 13 22 08 03
15 02 23 20 18
10 06 24 16 19
12 14 17 09 01
11 22 19 23 09
21 08 16 02 06
20 10 24 18 12
17 01 14 04 15
03 13 25 07 05
14 03 05 25 07
06 21 17 11 16
08 12 01 04 13
22 10 24 09 20
15 19 18 02 23
11 04 05 03 20
25 10 14 22 08
13 19 02 23 16
01 17 09 18 15
06 24 21 12 07
19 23 10 24 25
01 03 20 05 15
04 09 07 06 22
16 21 11 14 12
17 13 18 02 08
20 14 09 16 13
02 25 07 08 18
22 15 10 04 17
06 12 24 23 19
03 21 01 11 05
03 13 15 08 04 11 12 01 25 21 17 18 14 05 07 06 19 22 10 23 20 02 24 09 16
