24
24 14 09 02 18
04 22 20 10 21
08 17 25 12 11
15 01 23 05 07
13 19 16 03 06
19 09 10 25 21
14 11 07 20 23
17 12 03 15 22
24 05 04 08 13
16 06 01 18 02
23 02 11 18 13
08 06 22 04 14
21 25 19 15 24
09 16 17 03 10
20 05 01 12 07
03 15 25 13 09
18 21 06 01 07
23 04 02 11 05
16 24 20 14 12
17 08 22 19 10
02 16 12 09 03
17 18 04 06 15
10 11 05 07 01
13 22 14 23 19
24 25 08 20 21
20 10 08 16 12
21 19 04 01 17
13 11 22 23 24
02 15 03 18 06
25 14 07 05 09
24 18 21 04 19
09 25 14 01 13
11 02 12 06 15
23 22 05 10 08
03 07 17 20 16
15 16 21 24 09
17 12 06 03 08
22 14 13 18 19
25 01 05 07 11
10 20 23 04 02
03 14 25 13 21
23 06 15 22 11
08 24 16 20 07
02 17 12 19 10
01 04 18 05 09
12 08 10 15 06
20 09 19 05 03
16 13 11 04 23
17 25 07 18 01
24 02 21 14 22
21 16 04 09 08
17 02 25 24 12
10 14 03 22 13
23 11 15 06 19
01 20 07 05 18
25 22 06 11 08
03 02 18 12 10
24 13 04 09 01
15 14 16 17 20
19 23 21 05 07
05 03 23 09 24
12 14 21 11 16
01 04 10 19 07
08 06 15 25 13
18 17 02 22 20
18 25 04 19 12
08 11 21 01 24
07 03 13 05 22
20 02 16 15 17
06 10 09 14 23
09 12 22 01 20
23 04 18 24 11
02 15 10 16 17
13 07 06 08 14
19 25 03 05 21
18 03 04 24 21
23 09 25 02 15
07 01 20 06 10
16 22 17 08 05
12 13 19 11 14
17 12 14 01 22
19 24 05 11 23
02 09 16 21 10
03 08 20 18 07
15 06 13 25 04
14 08 20 07 23
09 15 10 01 13
06 21 12 11 19
16 04 24 22 05
17 18 02 25 03
14 08 18 25 07
22 02 19 10 04
05 23 09 24 11
06 21 20 12 13
01 03 15 17 16
15 12 13 25 03
14 21 10 09 04
08 19 22 18 24
16 11 20 05 23
17 01 06 07 02
20 01 17 22 18
13 09 07 04 06
21 12 23 25 02
19 14 11 10 15
16 03 05 08 24
25 17 09 05 16
01 11 02 12 18
03 04 15 22 21
14 07 19 20 08
10 23 13 06 24
23 04 25 06 15
24 07 18 13 16
21 19 17 10 22
11 20 01 02 05
14 03 08 12 09
12 25 20 07 17
24 18 09 05 03
10 02 06 04 08
13 19 11 14 23
22 21 15 01 16
04 21 22 20 07 18 12 19 09 15 25 01 13 06 16 05 08 03 23 14 24 11 10 17 02
