25
07 17 02 13 22
12 20 16 06 04
10 03 11 08 14
24 15 18 01 25
21 19 23 09 05
12 06 01 22 18
08 10 16 03 09
04 15 05 23 14
07 24 02 17 11
13 19 25 20 21
25 15 08 11 05
20 03 10 24 14
19 01 21 06 22
04 16 13 02 18
09 17 23 07 12
19 15 10 04 08
01 09 21 07 20
02 11 05 13 25
14 23 18 06 17
24 22 12 16 03
23 16 21 20 12
01 11 19 09 07
10 05 08 13 25
15 14 02 18 04
06 17 24 22 03
06 09 15 02 22
16 04 08 21 18
11 23 07 13 03
17 24 05 20 25
01 12 10 14 19
18 25 23 02 13
09 15 10 22 24
17 11 01 12 19
16 04 05 14 06
03 08 21 07 20
06 23 02 08 10
15 19 01 03 07
16 13 17 21 09
24 11 25 22 12
18 14 05 20 04
10 19 07 14 03
04 15 11 05 12
16 25 23 06 21
01 24 08 17 13
20 02 22 18 09
15 24 04 18 19
22 08 07 09 12
11 16 06 23 21
03 20 01 13 14
02 10 05 25 17
16 21 10 11 18
15 06 05 14 04
22 03 07 17 09
20 25 08 13 23
12 02 19 24 01
14 02 16 09 01
25 10 08 06 11
22 03 15 21 18
23 17 24 19 07
05 13 04 20 12
14 18 12 24 09
10 17 23 15 11
20 21 03 07 16
05 06 02 19 01
25 04 08 22 13
12 09 20 19 01
25 18 24 08 16
14 11 22 23 05
15 10 13 06 21
02 04 07 03 17
03 14 02 24 12
01 23 10 20 21
09 13 05 19 15
11 25 08 06 17
18 22 04 16 07
09 25 12 11 18
17 04 06 07 16
21 02 23 14 03
19 24 22 01 05
13 08 10 15 20
02 03 05 20 25
12 09 10 17 16
23 13 08 22 14
24 01 19 15 07
06 18 21 11 04
02 09 01 14 17
23 13 15 04 16
05 20 12 06 07
25 03 22 11 21
19 08 24 10 18
04 15 21 17 22
05 01 25 20 08
23 11 19 07 14
09 06 13 10 18
24 02 16 03 12
19 16 24 20 12
01 18 11 21 06
02 08 14 22 03
25 10 17 23 13
15 05 09 07 04
15 21 20 23 17
07 10 13 11 09
25 18 12 02 04
24 19 05 08 22
06 01 16 03 14
07 11 05 04 24
25 13 10 08 12
03 20 01 15 09
02 17 18 22 23
21 16 06 14 19
11 05 12 20 18
04 22 09 14 13
24 07 19 21 02
17 15 08 01 06
23 25 10 03 16
20 13 11 07 01
05 22 19 25 18
08 03 21 14 12
17 06 15 24 09
10 04 16 02 23
03 09 13 04 02
08 06 16 21 17
22 24 18 14 23
10 11 12 01 15
20 25 07 19 05
21 05 15 12 16 17 25 19 09 04 24 11 03 22 10 18 20 07 08 23 13 01 14 06 02
