26
23 01 20 17 18
21 24 11 05 06
07 19 02 12 09
04 13 10 03 08
15 25 22 16 14
13 16 03 01 12
05 04 15 18 11
07 25 14 23 17
02 19 24 22 10
20 09 08 21 06
07 02 04 12 03
13 10 16 14 22
15 19 25 06 17
20 23 24 21 11
01 08 18 05 09
24 15 22 25 01
13 18 16 02 07
20 09 04 03 11
23 14 05 08 10
17 21 06 19 12
09 10 04 22 03
06 05 21 19 08
12 15 17 24 23
18 11 14 07 20
16 13 01 25 02
09 23 13 17 21
07 01 24 03 08
12 16 19 04 10
11 02 22 05 20
25 15 18 14 06
10 07 18 24 04
17 20 19 08 14
01 12 25 23 21
22 15 13 06 16
09 11 05 03 02
05 22 07 21 17
23 18 10 08 04
13 19 06 11 09
24 14 20 25 03
12 02 01 16 15
24 10 01 16 17
12 09 25 21 08
22 11 18 03 19
07 20 06 15 05
13 02 23 14 04
22 04 18 11 07
02 05 15 01 25
14 21 12 03 06
10 13 09 16 08
24 23 19 20 17
10 08 12 07 11
21 23 25 02 22
06 15 17 13 04
03 19 18 09 01
20 24 16 14 05
03 19 13 14 23
21 15 06 07 16
04 01 12 18 24
02 17 20 09 25
08 05 11 22 10
03 04 09 22 01
16 20 12 25 17
11 23 18 05 21
15 24 06 14 13
10 19 08 02 07
22 14 12 07 11
04 16 03 02 19
17 23 01 10 05
09 20 06 24 25
15 18 21 08 13
17 13 19 11 09
10 04 20 15 06
12 25 23 14 18
21 05 03 24 22
08 16 07 01 02
20 03 06 14 21
05 11 10 13 12
02 23 19 09 16
15 25 22 08 17
04 07 01 24 18
10 02 22 21 14
05 07 12 18 17
13 23 24 11 15
08 01 16 20 04
03 25 19 06 09
21 25 18 15 10
05 04 06 01 08
13 16 07 03 24
11 09 14 12 22
02 23 17 19 20
01 18 07 22 14
05 24 19 09 16
15 12 08 25 06
13 02 20 03 21
17 04 23 10 11
13 20 05 25 01
19 03 07 06 22
23 09 21 15 18
04 16 12 10 08
02 11 14 17 24
01 18 04 19 24
17 15 21 13 25
23 16 03 20 11
08 06 14 10 07
12 22 02 09 05
06 25 13 01 03
15 17 11 12 02
22 09 04 19 21
20 18 23 05 14
10 24 16 08 07
02 06 16 10 19
25 14 18 01 09
11 23 03 21 13
20 22 15 05 04
08 12 07 17 24
18 05 19 21 15
17 04 08 07 25
02 22 03 11 13
16 20 23 01 10
14 09 24 12 06
18 07 12 10 17
06 16 05 08 14
19 15 24 11 09
13 04 23 22 25
20 02 01 03 21
17 08 21 19 09
01 03 04 11 10
07 16 05 20 18
25 24 23 14 22
13 06 15 12 02
01 22 10 15 21 08 17 03 13 23 05 09 14 11 04 24 20 06 07 12 25 18 02 16 19
