27
18 04 03 08 14
09 25 20 13 15
06 12 02 19 22
16 05 01 07 11
24 10 17 23 21
15 07 13 02 08
21 23 20 05 09
25 16 04 19 14
11 01 10 24 03
17 18 06 12 22
10 25 05 07 24
03 13 15 20 11
23 18 01 14 02
04 19 17 06 22
12 21 09 16 08
20 12 19 13 15
06 24 03 11 07
01 09 04 23 17
25 16 02 18 21
14 05 10 22 08
14 15 05 25 24
20 09 13 04 12
08 06 18 22 03
16 11 23 07 21
19 17 10 02 01
16 25 08 01 06
21 22 24 12 02
14 09 05 20 15
19 17 07 03 13
11 18 04 10 23
16 21 03 11 25
06 23 02 01 04
12 09 22 20 08
05 07 14 17 24
15 19 18 13 10
22 06 07 08 20
12 21 16 24 23
10 11 15 02 19
03 25 05 09 01
04 18 14 13 17
13 15 06 07 21
10 23 12 17 04
02 14 20 25 03
19 01 05 18 16
08 24 09 11 22
25 05 21 20 01
07 08 02 09 17
19 22 11 04 15
23 18 16 13 12
06 03 14 10 24
16 08 09 07 04
03 02 15 05 23
14 01 20 11 22
25 18 12 21 10
19 17 13 06 24
17 09 13 20 03
22 15 24 08 16
19 04 23 14 06
11 10 18 25 07
05 12 02 01 21
12 04 25 10 18
23 13 14 08 06
03 17 21 20 22
05 01 07 15 02
19 16 09 11 24
19 06 11 18 24
08 15 23 25 14
22 09 20 05 12
21 03 16 04 01
02 10 17 13 07
07 25 09 08 04
21 01 13 12 17
16 18 05 22 23
06 24 10 02 03
11 14 15 19 20
08 03 24 01 16
05 06 15 14 09
07 11 19 25 02
20 13 12 22 23
10 18 21 17 04
10 12 17 02 20
03 18 22 04 25
21 23 11 07 06
14 13 05 15 08
09 01 24 16 19
10 07 03 02 05
17 08 23 11 22
19 06 15 20 25
14 21 04 24 16
13 09 18 12 01
25 16 01 20 10
13 14 03 12 02
05 19 08 09 24
06 04 21 18 15
11 22 17 23 07
19 15 09 04 06
10 11 05 03 22
21 17 13 18 24
25 14 02 23 20
08 12 07 01 16
16 02 14 18 03
01 23 05 22 24
21 11 19 07 17
20 06 10 12 09
04 13 15 25 08
06 13 08 12 18
05 22 25 09 19
17 10 15 02 14
23 11 07 20 21
24 03 01 04 16
20 14 24 03 13
07 22 05 09 15
21 17 18 25 23
12 11 16 04 19
01 10 06 02 08
07 17 22 11 19
03 01 24 10 16
20 15 02 05 09
21 18 13 06 25
14 04 12 23 08
09 06 02 25 01
03 16 20 11 17
07 18 24 15 22
12 21 10 04 05
19 13 08 14 23
03 24 07 12 13
02 09 25 01 22
19 16 08 10 21
15 20 06 17 14
05 11 23 04 18
09 19 16 20 22
12 13 11 03 14
08 21 24 05 06
25 01 18 02 04
15 07 17 10 23
02 07 21 14 09 01 06 13 20 23 11 12 05 04 03 10 25 24 22 16 17 19 18 08 15
