28
20 07 12 01 14
08 02 10 03 06
19 15 17 22 18
04 11 21 24 23
25 16 09 13 05
05 09 04 02 11
25 23 15 21 14
13 24 06 12 16
17 03 18 20 07
08 10 22 19 01
06 11 01 02 19
08 20 04 17 15
10 09 13 07 21
16 03 25 05 12
22 18 23 14 24
07 06 09 25 01
21 14 02 10 20
23 18 04 13 08
17 22 15 24 03
11 16 05 12 19
12 03 18 01 04
15 20 14 25 11
05 10 24 22 06
23 17 21 13 08
07 19 02 09 16
03 01 05 12 09
10 23 16 04 02
13 07 21 17 15
25 22 14 08 11
18 19 20 06 24
24 01 12 13 05
09 06 02 08 18
21 11 23 14 22
25 10 16 19 04
17 03 20 07 15
24 03 10 20 21
22 16 15 13 02
12 05 06 25 04
11 17 07 23 19
14 01 18 09 08
19 05 22 21 09
16 07 14 12 20
04 06 18 25 02
03 15 17 10 24
13 08 23 11 01
25 18 03 07 05
11 12 14 04 19
21 20 17 24 09
08 02 01 22 13
10 16 15 06 23
10 05 01 03 02
07 16 14 15 24
17 06 12 18 23
25 11 13 20 22
21 09 19 08 04
19 07 20 08 14
23 21 18 16 11
13 05 06 03 17
15 22 25 24 09
04 12 02 10 01
16 22 17 08 05
14 15 20 07 19
02 03 10 13 01
12 11 04 25 09
24 23 06 21 18
20 15 14 03 24
04 01 10 05 09
07 13 08 22 06
23 18 02 19 25
17 12 11 16 21
07 16 03 13 15
23 25 21 09 17
01 02 22 19 20
18 10 12 05 11
24 08 14 04 06
07 18 06 08 03
12 16 23 21 05
14 19 04 17 10
24 13 02 15 01
09 22 11 25 20
21 10 05 15 13
12 08 11 14 23
03 16 02 24 20
22 06 19 09 17
07 25 01 04 18
05 18 21 10 16
08 23 09 06 03
02 07 24 22 19
11 12 01 20 15
17 25 04 13 14
23 07 14 06 08
10 17 03 25 21
19 04 11 22 01
05 02 18 15 09
13 16 12 24 20
21 23 09 11 04
01 05 24 19 15
13 16 14 08 07
22 25 06 18 12
10 02 20 03 17
21 02 05 12 16
09 07 13 01 11
19 06 15 22 25
24 23 18 04 10
14 03 08 20 17
05 01 20 13 21
23 14 11 10 15
12 06 18 17 07
19 04 09 16 08
03 02 25 22 24
17 11 06 20 02
15 22 23 08 25
01 24 14 10 18
09 05 03 21 04
19 07 13 16 12
14 22 25 02 17
19 21 24 16 18
13 12 20 23 11
04 09 05 15 08
03 10 01 07 06
20 07 23 19 06
14 02 21 15 16
12 08 04 25 17
03 13 18 05 01
09 11 24 10 22
23 03 25 02 06
05 09 21 11 16
19 13 14 24 22
17 08 04 15 10
20 18 07 12 01
05 02 04 06 21
15 12 11 10 22
16 18 25 14 17
13 19 07 24 09
01 03 20 23 08
14 13 04 17 15
07 21 16 22 06
20 24 25 10 18
11 01 08 23 05
19 09 03 02 12
24 07 10 12 11 13 21 05 04 18 16 14 08 17 20 02 06 22 15 01 23 19 03 09 25
