29
02 21 03 04 07
23 16 19 09 20
18 12 08 17 25
11 13 10 14 15
24 06 22 01 05
09 14 15 18 01
07 23 08 22 19
04 24 21 17 03
11 16 02 05 20
06 10 13 25 12
15 14 07 17 23
10 02 13 05 08
03 18 04 16 24
12 25 06 21 19
11 09 01 20 22
20 14 18 07 12
08 23 25 04 11
17 01 24 09 16
22 21 02 15 03
05 19 06 13 10
12 13 14 25 22
08 01 06 03 20
23 05 11 02 21
10 07 24 09 18
19 17 15 16 04
17 01 15 10 23
05 02 13 21 16
11 22 07 03 24
04 18 12 08 09
25 19 20 06 14
14 21 07 03 16
11 22 15 02 04
24 20 01 10 08
12 05 23 09 17
18 25 19 13 06
07 15 24 02 01
06 22 05 23 25
19 08 16 18 04
17 14 20 12 21
03 11 09 10 13
20 16 22 01 03
15 18 02 21 08
10 14 06 24 25
17 05 09 04 12
23 07 13 11 19
08 20 21 11 22
10 24 16 04 25
13 17 06 15 12
18 23 01 14 03
07 05 02 09 19
18 04 14 11 02
06 07 19 13 17
15 20 23 24 25
01 21 12 08 16
03 22 05 09 10
23 01 14 12 07
13 20 21 03 10
04 17 19 22 16
06 24 08 09 15
18 25 02 05 11
04 14 24 15 05
23 09 20 17 08
19 10 01 11 12
13 18 02 03 21
25 06 22 07 16
17 22 09 18 16
06 12 01 05 11
14 13 20 10 19
02 04 07 21 25
24 08 03 15 23
05 21 19 17 02
16 06 18 07 10
04 24 15 01 23
22 13 03 25 09
11 08 12 20 14
17 18 12 25 01
04 15 22 20 21
11 13 05 03 24
19 09 02 07 14
23 16 08 06 10
18 25 01 08 05
14 02 11 03 24
12 13 06 21 23
09 04 19 22 16
10 07 17 20 15
01 04 10 05 20
16 22 06 11 08
25 07 02 17 14
24 03 13 23 21
09 12 18 19 15
12 17 16 25 01
09 21 07 11 03
18 23 04 19 02
06 13 24 10 15
05 14 20 08 22
11 17 09 01 18
15 22 19 16 12
04 13 24 14 25
07 05 06 08 02
10 03 23 21 20
13 11 25 24 08
09 12 19 05 17
23 02 03 18 01
04 21 14 16 10
07 15 20 22 06
16 12 01 09 25
05 18 19 20 10
02 08 03 11 07
22 04 21 15 24
13 23 14 06 17
20 22 03 06 16
17 07 14 25 12
13 18 21 10 09
23 11 19 01 02
15 04 08 24 05
17 21 14 11 23
25 16 10 20 19
07 09 04 12 02
15 05 13 24 08
06 18 01 22 03
23 11 20 17 09
22 13 01 07 02
16 04 19 14 21
18 10 03 25 08
24 15 05 12 06
19 12 18 14 04
20 03 25 02 23
06 17 10 22 09
05 07 24 01 15
11 16 13 21 08
12 17 11 18 09
20 06 02 03 16
04 25 21 01 14
13 24 23 10 05
22 07 19 08 15
11 10 14 03 01
23 18 04 20 07
22 13 16 24 12
19 05 17 25 21
09 02 06 15 08
15 08 25 23 02
14 17 01 19 24
13 10 12 06 07
16 11 20 22 05
04 03 18 21 09
04 02 10 20 19 16 05 22 23 17 01 09 15 13 18 21 14 11 12 24 07 08 25 06 03
