30
24 25 05 19 09
20 08 12 23 21
11 15 04 03 10
01 02 06 13 07
18 17 16 14 22
10 24 20 01 11
23 21 07 02 25
03 13 16 22 04
06 18 09 15 19
12 05 17 14 08
25 07 02 22 18
14 04 20 06 17
23 08 09 01 15
03 19 21 12 10
13 24 05 11 16
24 08 10 18 05
16 20 21 01 25
11 02 06 19 03
15 14 12 22 07
04 17 09 23 13
05 25 01 13 21
23 03 04 07 12
22 11 24 08 02
14 16 19 17 06
15 09 18 20 10
11 02 08 22 15
24 14 19 10 23
05 07 01 09 20
16 13 17 12 03
06 04 25 21 18
16 23 20 01 06
19 13 12 07 14
04 15 11 21 18
03 09 08 05 22
17 24 25 10 02
01 18 07 21 06
12 24 17 16 11
23 10 20 22 14
02 15 04 09 19
13 05 03 25 08
03 25 15 20 02
10 23 05 21 19
06 16 01 04 09
12 07 24 18 11
13 22 08 14 17
04 16 17 02 07
21 18 12 14 23
24 13 01 06 09
19 25 11 08 03
22 05 10 15 20
24 17 02 04 12
03 15 19 20 22
01 21 16 10 06
11 23 05 18 13
07 08 14 09 25
03 05 15 10 24
13 11 08 17 14
16 23 07 22 04
25 12 19 02 01
20 06 09 21 18
04 13 20 07 12
15 03 08 14 01
02 09 17 19 23
24 25 16 10 18
11 06 22 21 05
03 14 25 04 07
08 19 21 16 06
24 15 10 18 01
17 20 12 05 09
11 22 13 02 23
14 21 22 19 09
01 12 05 17 18
07 10 24 04 16
23 06 03 15 25
08 11 02 20 13
23 05 21 17 04
03 08 14 24 13
02 16 10 12 07
25 15 19 20 11
09 18 06 01 22
06 16 12 25 03
23 01 05 15 09
13 04 24 21 19
08 18 20 07 10
02 17 14 11 22
10 24 17 22 03
06 19 14 16 11
09 04 01 20 25
23 21 12 15 07
13 18 02 05 08
23 02 19 13 09
06 16 22 12 20
14 04 15 03 10
18 21 24 25 08
05 01 17 11 07
10 06 04 17 09
07 03 21 24 25
23 16 22 08 20
05 01 14 19 15
13 12 11 02 18
20 07 04 08 23
15 21 14 16 01
05 06 19 18 13
24 03 11 09 17
22 12 10 02 25
01 14 13 06 25
05 04 22 24 19
12 07 09 15 11
23 17 16 02 08
20 21 18 10 03
11 21 02 13 25
06 01 17 10 19
23 20 15 08 05
03 16 12 22 07
18 14 04 24 09
21 05 20 03 02
16 22 04 11 12
06 01 13 23 18
19 07 08 24 25
09 15 14 17 10
21 07 05 17 16
04 11 13 02 24
06 19 15 08 01
23 22 25 20 09
18 03 12 10 14
22 09 03 12 14
06 19 18 25 01
13 15 10 07 24
23 08 11 04 02
05 16 21 20 17
15 14 20 02 11
19 25 03 04 05
16 09 07 24 13
01 23 12 18 22
21 08 06 17 10
11 06 10 24 23
14 02 21 12 09
18 01 04 03 15
25 17 20 07 05
16 19 22 08 13
14 21 25 17 05
22 03 10 06 01
24 13 20 07 09
18 04 15 23 12
08 02 11 19 16
13 24 06 11 10
08 02 16 22 14
07 12 23 03 21
20 05 01 09 19
15 25 18 17 04
03 23 06 08 15 17 02 10 01 18 13 04 07 21 11 09 24 12 14 05 22 20 16 19 25
