30
14 10 02 24 04
19 08 17 09 05
03 22 15 11 18
25 23 12 13 06
01 20 21 07 16
05 14 04 11 18
07 23 16 21 01
22 06 17 10 24
02 08 12 03 20
15 13 25 09 19
14 24 03 25 18
16 01 19 05 06
21 09 23 04 20
08 13 07 17 02
10 11 15 22 12
08 13 17 15 25
10 07 09 24 16
04 22 06 12 02
14 19 20 05 21
03 18 23 11 01
13 24 18 14 02
12 08 20 01 15
10 19 16 07 17
09 25 11 22 23
04 03 06 21 05
25 15 04 17 21
09 24 14 08 07
02 18 12 01 03
06 11 16 19 22
13 20 05 23 10
05 22 17 04 21
19 23 25 11 07
01 24 08 12 15
18 10 09 14 20
03 02 06 16 13
01 22 08 23 25
14 12 24 02 11
17 13 05 20 15
21 16 03 10 19
09 18 04 07 06
25 14 11 17 10
07 09 03 15 13
23 21 06 19 04
02 22 01 16 05
24 12 08 20 18
16 02 20 15 25
19 21 12 23 01
22 14 17 03 06
24 09 11 10 18
07 04 08 05 13
23 11 19 01 16
04 08 09 12 02
24 18 03 07 22
17 05 15 21 25
10 20 13 06 14
06 17 22 02 25
13 12 18 03 07
11 01 19 09 04
05 20 14 16 08
24 10 23 21 15
18 16 11 24 23
21 02 22 04 14
10 06 25 09 19
13 12 05 15 01
08 17 20 07 03
14 13 12 03 10
24 17 08 01 09
06 04 25 20 19
15 23 11 16 02
18 05 07 21 22
16 07 14 05 21
06 18 12 17 23
20 09 11 04 25
19 22 24 10 03
08 13 15 02 01
23 19 01 04 09
05 14 15 22 06
07 12 18 25 02
24 17 16 03 20
21 11 10 08 13
13 19 10 20 03
23 22 02 08 21
16 12 15 09 14
25 17 06 04 11
05 18 07 01 24
25 20 15 12 16
02 19 05 13 18
06 07 11 23 04
24 17 14 03 09
22 10 08 21 01
12 03 09 10 25
19 15 06 23 18
17 16 11 22 01
07 14 04 20 08
02 13 05 24 21
22 20 05 07 04
25 19 16 03 12
11 10 14 08 21
13 02 06 09 17
23 15 18 01 24
25 05 03 01 13
22 10 09 17 02
14 06 20 23 21
18 12 19 08 07
04 15 24 11 16
18 21 08 24 10
07 01 03 04 09
02 12 25 23 11
05 14 20 19 13
15 22 06 17 16
05 23 14 13 16
07 19 11 12 21
24 17 06 18 04
03 22 10 08 09
20 25 02 01 15
20 15 02 18 14
17 22 04 03 05
09 10 16 21 23
11 25 13 07 08
12 19 01 24 06
15 09 18 24 14
23 22 01 07 03
13 04 02 20 11
21 05 25 08 16
17 12 19 10 06
08 23 15 05 20
19 17 18 21 06
09 03 14 22 11
12 04 25 16 07
13 10 02 24 01
04 20 08 10 02
15 23 14 24 03
18 16 25 22 11
12 01 07 17 09
21 05 13 06 19
17 08 22 10 18
16 20 21 19 09
02 13 01 05 15
03 11 04 25 24
14 07 23 06 12
10 14 02 04 08
06 17 16 19 09
03 12 13 25 05
22 07 24 11 21
23 01 18 15 20
22 21 12 02 05
03 01 14 08 06
18 16 23 10 13
09 07 04 24 15
19 25 17 11 20
08 01 10 12 18 16 15 22 24 21 23 20 13 03 14 04 17 07 25 05 06 11 02 19 09
