30
05 16 24 15 07
17 23 10 22 14
06 09 02 12 21
19 08 13 03 18
04 20 01 25 11
25 01 10 22 20
21 13 16 14 15
04 24 03 02 12
23 19 11 18 08
07 05 09 06 17
08 07 21 04 02
22 05 12 03 06
19 14 09 11 18
13 16 23 24 01
10 20 25 17 15
23 09 22 08 21
03 15 25 05 11
16 14 17 12 24
10 02 19 04 20
06 07 13 01 18
23 17 24 13 09
22 10 25 21 07
11 12 19 04 06
14 08 20 15 18
05 02 16 03 01
23 13 09 15 03
08 04 16 10 21
19 06 07 11 20
24 25 12 01 02
05 22 17 18 14
13 23 08 15 24
16 07 01 11 20
17 02 03 14 25
18 09 06 05 21
04 19 12 22 10
23 07 20 24 01
04 15 08 17 18
10 11 13 12 25
16 05 14 06 03
22 19 02 21 09
18 10 16 24 20
17 19 14 06 13
22 09 25 04 15
02 11 05 03 07
21 12 08 23 01
19 04 23 06 08
18 25 13 02 09
15 22 17 21 12
14 01 03 11 20
07 05 10 24 16
12 07 15 18 22
05 21 23 02 03
11 24 14 13 16
09 04 10 19 20
08 06 25 17 01
16 15 21 02 09
11 12 19 06 05
22 04 24 20 10
03 08 07 18 13
01 23 17 25 14
20 24 23 18 16
25 21 07 02 01
04 22 08 13 15
11 10 05 19 06
14 17 09 12 03
04 14 24 07 10
03 06 09 25 19
18 13 12 20 22
15 21 01 23 16
02 08 05 11 17
22 05 17 11 18
16 24 12 03 02
25 23 13 19 01
21 06 10 15 04
14 07 20 08 09
22 19 05 09 20
25 03 15 17 04
10 21 08 18 02
23 14 13 01 06
24 16 12 07 11
02 10 24 08 15
21 14 05 18 23
17 25 16 03 07
22 12 20 09 01
13 19 11 04 06
21 19 14 16 13
12 25 15 22 08
11 01 17 07 24
09 18 23 05 04
10 02 20 03 06
11 03 02 01 08
16 09 25 06 22
19 18 23 20 14
10 21 15 04 07
17 24 05 12 13
22 25 04 23 18
08 02 14 07 01
13 17 09 12 24
20 03 10 19 21
11 15 16 06 05
08 17 13 24 15
20 12 01 02 14
16 19 03 22 18
23 25 09 10 21
07 11 06 04 05
25 20 14 24 12
16 01 13 02 06
18 08 04 22 15
21 10 23 07 17
09 03 05 19 11
02 09 10 16 03
11 24 18 13 08
23 20 06 12 01
14 07 04 17 25
15 05 22 19 21
02 14 04 23 10
08 17 21 13 12
18 24 09 01 07
16 22 06 03 19
11 05 25 15 20
05 06 04 09 07
19 25 24 23 18
12 15 14 20 22
16 21 02 08 03
01 10 11 13 17
04 05 18 01 22
06 13 08 07 16
10 02 17 25 19
03 24 23 12 20
09 11 15 21 14
10 01 17 13 11
15 14 04 19 21
09 24 06 12 03
02 08 07 16 23
18 20 05 22 25
07 06 18 23 12
09 16 14 13 03
08 10 19 22 24
17 02 11 01 04
15 20 25 21 05
04 19 23 17 21
22 16 15 08 13
18 02 11 05 20
07 25 12 01 14
10 03 09 24 06
07 19 03 17 06
08 14 21 05 25
01 02 09 15 13
16 23 04 22 12
24 18 11 20 10
11 12 10 23 01 04 02 05 09 15 03 20 18 22 08 16 17 06 14 13 25 07 19 24 21
