30
10 24 07 02 19
17 08 04 06 11
15 21 01 12 18
16 23 09 20 25
03 22 14 05 13
05 23 17 13 04
14 19 08 06 07
01 12 20 22 16
03 10 09 25 02
18 15 24 21 11
08 11 24 10 15
22 20 04 21 13
14 02 18 25 03
17 07 06 09 19
01 05 23 12 16
24 20 01 25 04
17 15 22 12 13
09 23 11 03 05
06 14 10 19 08
18 07 02 16 21
19 08 10 02 24
15 22 04 20 21
18 23 12 14 09
13 25 07 11 17
06 16 05 01 03
16 25 14 15 01
17 22 10 24 05
04 18 06 20 12
08 11 02 07 23
09 13 19 21 03
17 01 07 03 23
16 22 10 25 21
05 06 24 02 15
09 04 13 12 11
19 14 18 20 08
22 19 20 12 03
09 16 05 21 14
02 13 17 10 24
07 06 04 25 08
11 18 15 23 01
14 13 02 03 16
12 17 24 04 08
25 20 01 23 07
06 15 10 05 11
09 18 19 21 22
01 11 04 21 03
15 17 08 13 10
20 02 25 23 19
24 07 18 14 16
12 22 05 06 09
17 06 22 16 24
09 10 03 25 14
01 08 02 07 21
23 05 19 04 12
13 11 15 18 20
13 17 19 21 16
05 01 08 10 18
24 12 03 25 20
23 02 14 07 09
11 22 06 04 15
23 10 04 21 19
09 07 16 18 25
24 01 14 02 08
22 17 12 05 11
03 20 06 13 15
05 02 10 21 19
22 08 03 09 07
17 15 18 11 13
06 23 01 12 25
04 24 16 14 20
22 23 07 24 12
03 10 14 11 17
21 19 16 05 06
04 13 08 20 02
09 18 15 25 01
10 01 05 13 23
08 16 15 12 17
18 09 11 14 03
21 04 06 24 07
20 19 25 22 02
22 21 03 24 09
25 08 04 06 07
11 02 19 01 05
16 15 12 20 18
13 14 23 17 10
21 25 19 07 13
04 02 15 23 03
11 09 12 20 01
14 10 05 16 18
24 22 06 17 08
07 21 06 12 14
01 15 25 16 19
11 18 04 24 20
08 13 09 22 02
17 23 03 05 10
03 06 12 02 25
20 11 07 15 24
10 17 21 22 09
01 13 05 14 16
19 18 23 04 08
06 12 16 02 19
22 09 01 03 15
17 07 20 14 10
05 23 18 13 11
24 21 04 25 08
04 16 22 14 12
09 20 23 13 21
24 17 08 25 05
19 06 11 01 07
10 15 02 18 03
08 16 25 22 11
15 24 02 23 05
18 07 17 19 10
03 04 06 01 21
13 14 20 12 09
08 20 04 24 03
11 18 22 21 15
16 01 19 09 23
06 14 10 05 25
17 12 07 13 02
17 15 03 02 14
07 24 06 25 19
04 08 23 20 09
16 12 11 22 21
10 13 05 18 01
02 22 25 12 07
01 21 18 17 13
16 05 19 15 09
20 10 24 14 04
08 23 06 03 11
20 13 08 21 25
11 22 04 19 17
12 23 05 24 15
03 09 16 01 18
07 06 14 02 10
17 04 25 12 24
16 15 02 13 22
01 20 21 19 11
08 07 18 03 09
10 06 05 14 23
12 20 05 22 25
03 10 13 24 19
08 06 02 09 15
14 21 23 11 07
04 01 18 16 17
01 06 14 23 07
09 08 16 12 03
25 10 13 18 17
20 05 19 04 11
15 02 24 21 22
18 23 22 16 24 14 09 25 04 12 15 20 17 21 19 11 08 05 01 02 03 13 10 06 07
