30
05 02 13 01 08
23 25 10 18 14
24 21 04 16 19
20 07 15 22 06
03 17 09 12 11
07 22 16 09 03
01 04 24 11 23
05 13 15 21 20
08 10 02 17 12
25 06 14 19 18
09 07 06 24 22
05 18 21 23 16
15 20 02 17 13
12 03 10 01 25
08 19 14 04 11
13 02 19 03 14
06 04 11 23 22
20 12 15 01 24
16 09 25 18 07
05 08 10 21 17
16 07 24 18 15
19 20 21 25 08
10 13 11 22 06
12 17 05 03 09
04 02 01 14 23
10 24 01 14 03
02 08 05 20 19
11 13 07 06 23
04 16 21 09 25
17 18 15 12 22
05 16 15 14 25
07 24 03 22 11
09 21 01 12 18
19 04 08 02 20
10 23 06 17 13
19 07 08 24 02
23 05 25 21 06
17 10 20 13 03
09 12 11 04 22
16 14 01 18 15
21 12 10 04 11
13 25 16 09 19
08 18 15 07 05
02 06 14 17 01
24 20 23 03 22
07 08 19 15 14
16 25 03 01 06
21 17 24 05 11
20 13 12 09 04
18 10 23 02 22
23 07 21 24 25
17 16 08 20 11
09 13 19 10 14
03 06 02 15 22
18 12 05 01 04
03 23 13 11 18
09 04 08 02 15
10 01 14 12 20
17 25 24 22 07
21 06 19 05 16
22 08 02 10 15
25 13 12 20 07
03 01 23 18 04
24 14 19 16 06
09 11 17 21 05
24 18 02 12 23
05 10 11 14 21
25 09 03 17 13
16 06 01 08 07
19 22 20 04 15
15 04 05 03 11
07 18 14 23 25
06 24 12 13 01
21 17 10 22 19
09 02 08 20 16
15 17 10 21 14
08 19 01 22 04
12 20 06 03 11
05 16 25 24 23
13 07 18 09 02
08 14 17 15 12
11 02 16 25 23
06 19 04 18 20
09 13 05 10 21
01 24 03 07 22
01 11 21 06 19
25 12 07 02 08
09 15 14 13 23
04 10 17 05 03
18 20 16 22 24
24 07 13 01 10
15 25 11 02 12
20 19 14 06 21
05 22 18 09 08
04 16 23 03 17
11 22 09 17 12
14 10 20 24 04
21 16 06 02 18
08 15 23 01 05
25 13 07 03 19
11 23 18 07 21
01 12 08 10 17
22 16 03 05 04
02 25 24 14 06
09 19 13 20 15
23 15 09 12 03
20 17 08 10 06
07 11 05 19 02
22 16 18 04 24
13 14 25 21 01
03 25 08 12 24
16 04 10 06 22
14 17 07 01 09
13 11 02 21 15
23 18 05 19 20
12 20 08 07 02
05 04 10 21 19
25 24 17 09 23
16 06 14 15 01
11 13 22 03 18
03 07 11 18 12
21 02 24 20 10
06 25 09 16 04
13 15 01 05 08
14 19 22 23 17
25 02 23 11 08
12 15 22 20 19
13 01 17 05 04
21 16 09 07 06
24 03 14 18 10
24 02 25 17 14
23 12 06 08 03
05 15 22 07 21
16 13 10 18 19
20 11 01 04 09
16 01 11 12 08
07 21 05 25 13
14 23 06 22 20
15 24 18 10 17
04 09 03 19 02
21 07 18 20 22
15 23 14 09 17
13 12 05 10 03
24 02 19 04 01
16 25 08 11 06
20 18 05 25 02
06 21 19 24 10
16 23 07 04 01
09 17 11 03 13
14 22 15 12 08
05 08 13 09 18 03 21 07 23 17 02 19 11 14 25 10 24 06 15 22 01 04 20 16 12
