30
11 14 20 07 22
13 23 01 05 19
04 24 17 02 16
03 09 15 06 08
21 18 10 25 12
14 15 08 03 25
01 12 10 21 11
05 19 06 16 02
20 13 23 18 22
17 07 09 24 04
08 14 09 19 10
21 07 20 16 11
17 18 23 06 25
03 15 12 24 01
02 13 05 22 04
07 22 10 01 14
16 11 24 13 17
21 09 19 06 02
23 04 20 05 12
25 18 15 03 08
17 19 09 02 12
20 14 03 22 24
18 07 08 16 25
06 01 15 21 05
13 04 11 23 10
13 03 07 04 18
24 21 05 01 11
16 23 10 12 17
14 06 15 08 22
09 25 19 02 20
05 18 14 01 06
21 24 17 15 13
10 16 22 08 20
11 02 19 25 12
23 07 09 04 03
17 25 20 21 07
12 22 16 15 04
24 06 19 05 09
14 03 23 10 13
01 02 18 11 08
20 12 14 01 11
16 17 21 19 18
24 13 10 25 15
08 23 22 03 05
09 02 07 06 04
12 04 25 13 23
08 10 17 19 20
16 01 02 15 24
22 18 06 09 21
14 05 03 11 07
14 03 18 06 01
20 05 22 19 09
15 02 23 11 24
04 17 07 10 08
12 13 21 25 16
19 13 23 21 11
25 12 17 01 20
08 22 07 05 16
15 10 18 02 09
14 24 03 04 06
02 18 17 08 25
04 11 24 20 16
09 07 13 06 21
01 15 12 14 23
05 03 22 19 10
12 10 19 11 05
13 15 23 18 24
17 09 22 16 04
07 20 01 03 21
08 06 14 25 02
17 14 02 09 16
15 13 04 05 22
18 10 01 07 12
21 08 03 25 20
23 24 06 11 19
20 08 14 22 04
13 19 01 25 05
16 15 12 07 03
10 24 23 18 17
21 02 06 09 11
13 20 19 23 16
12 25 08 10 03
22 18 06 17 11
24 14 04 05 15
01 09 07 02 21
15 24 11 20 14
16 19 01 21 17
07 05 10 23 03
06 22 25 18 04
02 09 08 12 13
13 14 23 22 01
12 15 17 02 20
08 24 25 09 05
06 03 11 10 04
19 07 21 18 16
09 04 12 02 19
15 16 08 21 05
11 14 01 23 25
06 20 10 22 24
13 17 07 18 03
24 25 16 07 02
15 03 18 12 01
20 23 17 21 06
04 05 13 10 08
19 14 09 11 22
17 04 03 16 09
22 11 23 01 08
24 10 14 19 13
06 12 05 07 02
21 20 15 18 25
07 05 17 25 23
16 14 03 19 12
22 11 08 09 15
04 20 06 13 21
10 02 01 24 18
10 24 17 22 15
02 14 09 08 23
25 13 16 20 07
05 19 01 03 12
11 06 18 04 21
12 25 22 18 04
14 24 03 23 08
01 19 09 11 05
17 07 20 10 13
06 02 15 21 16
09 16 07 11 01
19 05 14 21 17
10 13 03 02 12
23 04 22 18 20
06 25 08 15 24
11 13 24 25 22
01 19 09 21 18
07 02 14 10 23
17 12 15 06 03
04 08 16 20 05
25 22 07 21 20
09 11 06 04 19
12 13 01 24 17
14 03 15 08 02
10 23 18 05 16
14 04 25 06 23
11 18 05 01 08
07 09 15 03 19
17 21 10 22 20
24 12 13 16 02
23 04 25 16 06
13 08 01 03 02
22 24 17 09 19
14 15 20 21 12
11 10 05 18 07
08 21 20 11 24 14 25 18 12 09 17 16 23 10 06 01 15 02 19 13 22 03 04 05 07
