30
01 24 08 21 22
06 14 03 20 13
09 19 18 02 07
15 25 12 04 11
10 17 05 23 16
12 07 25 06 23
13 15 02 05 04
19 01 24 03 20
21 16 14 10 22
09 18 17 11 08
24 15 14 07 20
01 25 02 18 12
21 17 08 19 10
13 04 05 09 06
03 11 16 23 22
04 01 25 22 24
07 11 23 12 15
16 21 02 13 20
09 17 18 19 03
05 10 06 08 14
08 09 15 19 01
03 17 12 05 18
20 02 13 16 10
24 07 21 06 04
23 22 11 25 14
14 16 10 18 02
21 08 12 25 05
24 04 01 07 23
20 22 06 11 17
09 03 15 19 13
15 17 16 04 24
12 18 09 23 06
13 02 11 21 22
10 14 07 25 08
19 01 05 03 20
06 04 02 08 01
17 21 24 13 20
19 18 16 09 25
23 12 15 11 05
14 07 22 03 10
17 11 18 16 04
19 02 10 09 05
14 24 08 25 07
13 21 23 01 06
12 20 03 22 15
17 21 05 08 19
13 01 09 20 07
11 15 03 16 24
25 06 10 12 04
14 22 18 02 23
01 08 22 13 12
05 18 15 23 21
03 09 02 17 25
14 24 06 16 07
10 19 04 20 11
02 01 09 03 17
16 23 10 08 11
06 07 18 14 15
25 20 05 12 21
04 13 19 24 22
21 04 05 23 03
08 24 06 07 02
20 01 17 11 22
19 10 09 16 12
15 25 14 13 18
23 12 25 08 22
06 10 15 05 17
11 18 20 19 24
03 01 13 04 07
21 14 09 16 02
15 10 13 11 06
03 19 16 09 23
12 25 08 18 24
20 05 07 04 14
01 22 21 02 17
04 21 06 05 25
24 03 10 07 19
23 17 08 01 20
18 15 02 13 11
14 12 09 16 22
11 13 18 04 15
19 05 17 07 02
16 14 03 01 22
06 25 10 12 23
24 08 09 20 21
05 09 19 08 10
22 20 14 24 13
07 04 15 21 25
18 17 01 03 12
11 02 23 06 16
11 18 09 02 24
01 20 14 25 19
08 21 23 07 13
15 03 16 22 05
17 04 10 12 06
10 21 08 16 25
12 20 13 04 02
24 01 17 15 19
05 06 23 11 14
07 09 22 18 03
05 16 25 09 06
20 10 14 13 07
08 19 22 18 02
15 01 23 03 24
12 21 17 04 11
08 04 15 10 03
23 09 02 05 22
13 07 12 20 14
17 25 11 16 01
19 21 24 06 18
11 16 12 19 21
14 04 08 05 06
17 09 13 02 03
01 18 25 24 07
22 10 15 20 23
12 23 03 20 06
04 19 17 16 15
01 10 22 21 24
13 09 05 02 08
07 25 11 14 18
09 22 24 05 16
08 19 02 10 01
20 21 15 06 12
25 04 17 18 14
03 07 13 11 23
24 17 25 15 20
07 11 02 08 23
14 05 21 22 13
12 10 04 19 03
01 09 18 16 06
17 11 21 09 05
14 23 18 12 22
02 01 10 13 15
07 20 25 19 08
16 04 06 03 24
13 02 09 20 17
06 14 05 25 10
23 21 15 08 11
04 19 01 16 03
12 18 22 07 24
09 02 06 08 13
19 05 24 25 21
22 04 03 20 16
17 23 10 14 11
15 12 07 01 18
21 18 12 03 20
09 08 05 24 02
04 13 15 22 23
19 06 01 17 16
25 10 11 07 14
11 15 23 18 01 13 16 03 25 24 04 08 20 05 07 22 17 19 10 06 12 09 21 02 14
