30
16 23 24 04 13
01 05 22 19 10
17 07 03 18 15
08 14 21 06 25
12 20 09 02 11
12 11 07 22 13
18 14 09 08 23
16 10 02 20 21
04 25 01 17 19
24 05 03 06 15
14 08 15 01 16
09 06 12 17 07
25 03 02 22 11
24 20 10 21 19
13 23 04 05 18
14 15 05 21 16
04 01 22 12 07
25 08 23 19 11
03 02 06 24 20
18 10 13 17 09
23 06 21 18 14
09 12 25 19 17
15 02 10 16 20
07 11 05 22 04
01 24 03 13 08
02 13 09 23 03
17 11 16 15 18
12 25 24 07 14
22 01 21 06 08
10 20 05 19 04
18 17 11 21 01
16 06 13 25 03
08 10 14 23 22
19 12 15 20 02
04 07 24 05 09
07 16 02 06 17
01 15 24 20 25
05 21 18 09 08
03 04 10 12 13
23 19 11 22 14
09 03 14 04 11
05 16 01 15 12
23 10 25 17 06
18 20 13 08 24
07 21 22 02 19
07 06 11 05 20
15 09 24 03 13
18 10 21 02 12
22 04 25 23 19
14 16 17 08 01
25 09 20 11 15
07 06 18 12 02
01 13 19 10 08
24 04 16 21 22
14 17 23 03 05
11 19 23 20 08
09 18 06 25 10
01 15 02 12 07
22 05 16 04 03
24 13 17 14 21
17 19 20 06 08
01 25 23 10 14
09 15 12 16 07
02 11 05 13 04
18 03 22 24 21
11 10 17 02 08
03 09 12 13 14
01 24 19 23 16
20 18 22 06 07
05 25 21 15 04
01 16 08 05 22
03 23 09 20 04
25 15 07 19 10
14 13 18 24 17
12 02 21 06 11
17 10 16 07 24
22 04 11 02 20
14 06 01 05 13
09 23 19 08 18
12 25 21 15 03
07 06 11 13 22
19 24 10 14 16
18 23 15 02 12
09 08 20 25 04
21 03 01 17 05
01 11 12 14 18
03 16 09 07 04
08 10 22 06 02
19 24 25 17 05
15 23 21 13 20
14 19 15 05 09
18 17 08 03 16
01 23 10 04 21
12 22 11 07 06
02 24 20 13 25
02 22 18 01 17
21 15 10 23 06
24 12 09 05 04
14 07 11 03 25
20 16 08 13 19
09 24 11 22 03
20 01 15 19 04
23 25 10 18 16
07 21 08 06 05
02 13 12 17 14
19 08 20 09 05
13 15 11 16 12
23 25 22 14 04
18 10 24 21 07
17 02 03 01 06
12 05 17 08 20
14 16 03 07 18
19 09 04 24 02
21 13 01 23 06
25 15 11 10 22
08 20 23 16 12
02 22 06 13 24
15 01 19 05 11
07 10 25 21 18
09 17 03 04 14
17 02 04 01 21
13 25 14 09 22
03 05 23 12 10
20 08 16 15 19
07 18 06 24 11
13 19 25 12 08
17 10 22 24 05
01 21 02 15 06
04 09 23 16 20
14 07 03 18 11
18 20 22 03 02
08 07 06 01 10
14 23 15 13 17
11 04 09 24 21
12 16 19 25 05
15 24 06 07 22
17 23 16 10 02
14 09 04 25 21
13 08 03 19 18
11 05 12 01 20
15 08 09 23 17
19 04 25 11 18
20 02 14 22 12
13 05 01 21 03
06 07 16 10 24
05 20 04 21 01
23 03 25 19 14
12 11 17 10 08
09 15 24 07 13
02 22 06 16 18
23 06 18 25 12 05 01 08 15 22 11 09 10 07 04 02 19 21 14 13 24 16 20 17 03
