30
08 15 09 03 01
23 24 12 11 07
05 04 21 14 18
19 17 02 22 10
16 25 06 20 13
20 21 06 03 14
08 18 10 09 17
02 25 24 07 22
23 05 15 11 01
19 04 13 12 16
04 24 25 20 01
17 22 08 12 21
10 13 07 11 06
18 19 16 15 03
05 23 09 02 14
07 25 15 23 24
19 03 16 20 21
06 17 14 18 05
13 01 10 12 09
11 08 02 22 04
17 18 01 13 02
22 16 07 23 21
08 14 19 12 15
24 09 04 20 11
25 10 03 05 06
09 23 22 03 02
21 17 25 14 11
01 16 20 18 24
19 15 06 13 08
10 07 05 12 04
20 01 15 03 07
16 25 19 23 17
12 04 08 22 11
18 14 10 21 05
24 06 09 02 13
02 25 20 17 16
18 04 19 05 06
12 14 15 11 22
13 23 09 01 10
07 03 21 08 24
18 07 10 04 20
01 24 23 03 22
11 13 19 14 12
02 08 17 25 09
05 15 06 21 16
14 03 02 06 22
07 12 25 11 17
18 05 24 09 23
16 19 15 04 08
20 21 13 10 01
23 16 13 25 12
19 24 10 06 09
01 03 22 14 18
07 05 11 20 17
08 04 15 02 21
04 15 24 13 19
11 06 17 08 05
14 18 25 23 10
16 22 20 01 03
02 07 09 12 21
07 13 15 18 09
17 24 04 08 06
22 10 16 25 12
23 03 11 20 14
05 02 01 19 21
23 22 05 24 06
07 20 25 11 09
15 02 18 17 16
03 10 04 14 13
01 08 21 12 19
17 05 25 23 16
01 20 11 03 18
07 19 09 24 02
15 10 14 22 13
06 12 04 21 08
05 19 01 17 09
21 20 24 02 23
06 22 07 25 16
03 08 15 04 13
18 12 10 14 11
05 17 20 16 18
14 13 03 24 06
12 02 09 01 25
21 19 22 10 04
15 07 11 23 08
11 24 06 15 22
16 17 03 10 08
19 02 25 07 12
01 20 23 09 04
18 21 13 05 14
25 03 20 16 14
02 06 21 22 13
24 11 05 23 09
10 08 15 01 04
19 07 17 18 12
01 21 06 22 10
12 23 20 16 05
14 04 18 08 15
13 24 19 02 17
03 09 25 11 07
04 14 10 01 03
19 07 24 12 06
17 09 23 13 05
02 08 20 18 25
22 21 15 16 11
03 02 17 11 23
09 25 22 20 10
12 14 07 08 05
18 06 13 16 21
04 01 19 15 24
15 06 21 12 20
24 25 10 07 19
01 05 09 11 02
18 08 22 16 14
23 17 04 03 13
01 14 18 24 08
19 22 15 02 09
12 16 05 03 06
25 17 10 13 04
21 23 07 20 11
08 10 13 17 25
16 01 21 19 06
07 22 15 03 09
11 14 04 02 24
05 12 18 23 20
25 21 18 14 13
06 15 03 10 02
22 16 19 05 17
08 04 12 07 11
24 09 20 01 23
22 12 13 24 14
07 03 11 06 25
20 10 01 23 05
09 19 15 16 18
17 21 02 08 04
23 10 06 09 18
03 22 25 12 24
14 16 01 19 15
20 21 05 11 17
08 13 02 07 04
09 19 16 23 12
04 20 08 17 11
02 15 18 25 01
22 05 24 13 06
03 07 14 21 10
02 23 22 25 13
14 24 20 09 10
19 18 04 21 11
08 03 05 06 16
07 12 15 17 01
22 07 21 03 05 08 17 23 20 18 14 12 25 16 09 24 11 15 13 02 04 01 19 06 10
