30
20 22 13 09 02
01 25 17 21 07
23 04 06 05 24
10 16 14 15 08
19 12 18 11 03
12 25 19 14 10
21 04 08 05 18
24 06 16 17 01
09 03 15 11 07
22 13 02 23 20
07 02 04 19 17
10 23 22 16 20
11 01 12 18 24
13 09 21 15 08
25 05 06 14 03
23 12 13 04 16
10 01 03 24 22
07 21 02 06 09
11 17 19 25 14
05 15 18 08 20
16 03 13 01 04
17 06 19 10 09
05 12 07 24 20
22 14 21 11 25
18 23 15 08 02
19 11 02 17 04
21 07 25 09 05
12 08 24 03 23
06 10 18 15 22
01 14 13 20 16
22 06 15 18 14
23 09 05 03 21
08 02 25 13 20
12 17 07 11 04
24 19 01 16 10
24 21 15 16 10
11 02 18 25 01
06 08 12 03 20
04 14 17 23 07
19 22 13 09 05
19 01 05 23 09
20 06 10 03 08
13 16 17 18 25
11 12 07 21 24
02 14 15 04 22
11 07 01 18 12
08 20 23 04 19
24 14 13 16 25
03 15 22 02 06
21 05 10 09 17
24 08 23 05 04
14 15 18 16 21
03 02 22 19 06
20 10 17 01 11
09 07 12 13 25
12 03 24 22 01
20 10 06 23 13
25 18 14 04 11
07 16 08 05 17
15 19 02 21 09
16 11 17 08 15
19 24 06 23 18
07 13 22 25 21
01 10 12 03 14
09 04 20 05 02
03 12 21 11 18
06 16 23 10 15
07 02 08 04 20
24 19 22 01 17
13 14 05 09 25
22 12 04 16 06
10 01 21 08 09
15 18 07 11 19
25 05 02 13 17
03 24 14 20 23
08 20 17 19 04
11 15 03 18 12
25 06 16 05 10
23 02 24 22 13
07 14 09 21 01
19 17 25 09 23
22 14 18 08 01
21 05 13 10 24
16 11 20 15 02
07 04 06 03 12
02 18 22 03 20
11 15 16 19 10
24 23 25 01 14
05 07 06 08 13
21 17 09 12 04
02 09 07 13 15
21 19 25 01 08
14 05 24 11 20
04 23 18 17 10
03 16 12 06 22
06 13 04 24 22
18 12 19 20 03
08 01 23 14 09
15 02 05 25 17
11 21 10 07 16
01 11 21 09 06
24 08 04 19 25
23 12 15 03 10
14 16 05 17 18
20 02 07 13 22
23 21 09 15 12
24 04 25 20 07
11 03 05 22 13
19 17 01 08 18
02 14 16 10 06
16 21 03 24 18
10 07 23 06 02
05 11 22 08 19
15 01 14 12 25
17 04 20 13 09
02 08 14 10 22
19 06 23 17 20
01 13 15 25 16
09 21 11 18 05
03 24 07 04 12
25 06 18 05 08
23 20 09 17 12
07 04 10 21 02
03 11 01 16 19
13 24 14 15 22
23 11 09 01 20
13 10 07 08 06
21 19 17 02 25
24 05 16 04 15
12 18 14 22 03
11 22 10 07 01
12 09 19 20 02
14 18 04 13 16
21 25 17 24 08
05 03 06 15 23
11 07 15 18 12
25 13 10 16 24
04 01 17 02 21
19 22 23 03 09
05 20 06 14 08
10 01 23 20 18
22 02 08 14 12
04 07 25 21 09
19 16 24 17 03
15 05 11 13 06
05 04 23 24 22
19 25 03 07 15
01 11 10 18 09
02 20 12 13 16
08 14 06 21 17
15 19 05 23 17 12 11 14 02 18 25 24 21 07 16 10 09 22 13 01 03 20 06 04 08
