30
07 03 10 04 18
22 06 16 11 20
25 02 05 09 08
13 14 24 12 17
01 23 21 19 15
03 07 21 12 14
01 05 08 25 16
09 13 11 19 15
04 20 23 18 02
24 10 17 06 22
13 18 24 03 16
02 06 11 19 21
01 12 09 07 15
10 14 08 17 20
22 04 05 25 23
19 10 20 05 14
12 15 03 04 18
06 08 07 01 11
17 22 02 09 16
21 24 23 13 25
11 19 24 20 01
25 09 23 15 18
17 03 13 12 07
14 08 04 02 21
10 05 16 22 06
20 25 16 22 14
05 17 03 13 01
02 23 24 10 07
19 15 09 12 08
11 18 04 21 06
08 14 16 05 06
17 24 02 04 18
20 13 03 21 19
15 07 12 23 10
11 01 22 25 09
09 03 21 17 24
15 13 12 19 04
14 16 20 25 22
07 18 08 23 02
10 06 11 05 01
10 08 20 24 03
02 13 06 01 22
15 16 25 18 09
19 05 21 23 12
14 17 07 11 04
05 19 14 22 07
18 25 02 09 08
15 03 21 01 23
20 13 10 11 17
16 04 06 24 12
20 24 25 22 06
14 09 21 03 15
04 08 10 11 05
07 17 18 23 02
13 01 12 19 16
01 08 07 06 15
11 05 04 03 25
16 12 20 14 10
22 21 02 23 18
17 13 24 19 09
15 06 01 11 03
19 17 05 24 07
22 12 10 09 16
23 13 21 02 14
18 20 08 04 25
01 07 24 12 17
14 10 02 13 22
04 23 11 03 18
05 16 20 06 15
19 25 09 21 08
20 06 19 04 12
22 25 08 02 18
03 01 07 13 24
16 09 23 14 10
05 17 11 21 15
23 03 22 15 14
04 07 17 24 08
25 06 20 05 16
11 01 10 21 12
02 09 19 13 18
04 12 24 20 11
22 13 06 21 02
19 25 14 01 10
05 15 16 18 23
17 09 07 08 03
24 19 11 18 16
07 15 10 04 12
06 01 02 22 08
14 17 13 21 09
20 25 23 03 05
18 13 16 12 02
03 05 08 21 23
15 04 20 06 24
07 09 19 11 22
01 25 10 14 17
05 02 04 08 09
11 03 18 22 16
17 14 24 12 07
01 20 21 13 25
19 06 15 23 10
25 06 05 09 01
14 11 19 16 08
15 02 22 23 10
17 21 03 13 07
04 20 18 12 24
21 22 16 01 06
05 10 17 14 04
12 19 25 09 03
07 24 13 08 11
18 20 02 23 15
02 16 20 19 25
13 11 14 04 09
24 12 17 18 22
07 03 21 06 15
10 08 23 05 01
10 07 25 17 12
19 13 04 18 09
14 02 23 16 22
05 06 01 21 20
24 11 08 15 03
10 21 13 20 02
08 06 22 25 05
24 03 11 09 07
17 01 19 16 23
18 14 04 15 12
07 08 01 04 25
22 17 20 10 09
23 16 12 02 14
21 06 15 19 03
13 05 18 24 11
15 18 20 24 16
11 13 19 14 25
22 21 01 23 10
12 07 03 05 02
06 09 17 04 08
17 15 24 11 21
08 20 23 18 02
04 06 01 12 14
05 09 10 03 13
16 25 07 22 19
03 16 19 05 20
23 01 17 11 14
22 06 18 13 07
12 04 25 15 24
10 02 21 09 08
01 21 09 15 08
03 18 06 25 07
19 13 10 02 11
17 24 05 16 20
04 12 22 23 14
21 18 15 10 11 02 19 04 13 03 01 06 25 24 09 23 17 20 08 12 22 07 16 05 14
