30
09 03 17 19 04
06 15 13 08 24
05 07 21 20 02
22 18 23 25 14
12 11 16 01 10
18 17 01 15 11
19 05 21 03 14
02 24 23 07 20
09 08 13 10 06
04 22 25 12 16
06 20 16 15 07
25 10 03 02 23
17 13 05 24 09
14 21 11 18 01
22 12 04 19 08
13 05 19 16 07
22 04 20 18 11
17 06 25 02 12
14 10 08 09 21
01 15 03 24 23
08 16 22 09 23
17 02 12 13 07
05 15 25 03 20
10 21 18 14 06
19 11 04 01 24
23 04 11 24 03
10 09 06 21 01
19 15 22 12 13
25 02 20 05 18
08 17 14 07 16
11 24 08 10 02
18 14 07 05 15
22 04 06 16 01
23 17 21 03 25
20 12 13 19 09
14 01 25 10 02
20 23 04 03 21
17 19 22 07 13
12 11 08 16 24
18 09 15 05 06
12 02 03 08 25
13 09 07 01 06
20 17 21 24 11
10 19 15 16 04
18 22 05 23 14
03 11 07 10 01
13 14 21 05 16
22 08 06 24 23
12 15 25 02 19
17 20 18 09 04
15 25 12 13 21
18 01 09 17 03
24 23 20 02 07
19 04 14 16 06
22 11 05 08 10
17 11 12 23 13
07 24 04 10 25
20 18 14 01 21
05 06 16 03 22
19 08 09 02 15
22 16 11 24 15
09 19 02 13 17
14 06 10 05 04
08 21 25 18 01
23 03 12 07 20
21 08 19 18 05
16 10 23 02 09
25 17 15 12 04
01 24 14 11 07
22 06 20 13 03
24 03 16 07 04
11 15 14 13 18
06 25 02 19 05
10 21 09 12 17
22 08 23 01 20
19 14 13 16 07
20 17 25 23 15
21 05 10 11 02
08 06 22 18 09
04 24 01 12 03
17 04 03 23 10
05 14 01 21 02
11 13 09 20 06
15 18 24 25 22
12 08 16 07 19
23 11 15 24 21
22 17 03 19 12
09 18 20 07 08
14 10 06 02 01
25 13 16 05 04
22 24 04 15 03
16 20 09 13 21
12 11 18 01 10
07 05 02 19 06
17 25 23 14 08
21 10 19 17 09
24 16 01 07 03
05 18 15 25 12
20 23 14 13 04
11 08 06 02 22
03 08 05 01 15
25 10 20 13 09
04 17 07 18 14
19 11 22 23 21
06 16 12 02 24
23 04 07 05 10
06 18 21 15 17
02 09 08 13 03
11 25 12 14 20
19 22 16 01 24
14 17 03 11 18
01 02 16 20 24
19 05 08 10 21
22 15 13 09 04
25 12 23 07 06
23 25 21 11 16
18 15 14 07 08
05 17 09 19 20
12 24 10 03 02
04 22 01 13 06
13 15 04 02 05
21 16 06 17 10
18 23 09 07 25
14 03 19 01 24
12 22 20 08 11
01 03 22 23 24
11 02 19 06 16
10 18 21 07 13
08 04 09 25 05
12 20 15 17 14
25 18 05 19 21
20 15 02 12 10
24 04 06 17 23
08 13 07 01 03
16 09 14 22 11
11 01 05 13 14
09 02 10 23 20
22 21 24 15 17
12 04 18 25 03
19 16 06 07 08
02 03 10 18 01
23 19 22 07 21
25 16 17 11 24
05 04 08 13 14
15 06 12 20 09
22 17 12 16 25
21 14 09 19 20
01 10 07 23 13
04 18 05 06 02
08 15 03 24 11
11 19 08 03 05 17 21 20 23 07 06 25 18 02 15 04 12 10 24 01 16 09 22 14 13
