30
24 05 13 19 22
08 17 20 04 18
12 07 15 21 06
11 23 14 09 01
03 16 02 10 25
16 04 13 22 02
18 17 20 14 24
08 25 12 01 19
07 03 15 10 05
06 23 09 21 11
16 17 07 01 23
15 05 19 14 03
13 21 11 20 02
18 25 12 04 08
22 10 06 24 09
10 15 22 02 20
12 01 14 24 21
23 18 05 07 13
25 16 04 06 11
08 03 19 17 09
03 18 09 14 02
17 06 24 20 01
25 07 16 08 12
19 15 04 05 22
23 11 21 13 10
24 22 09 02 11
15 03 01 06 13
23 04 21 17 20
18 10 05 25 07
14 16 19 08 12
12 19 11 08 13
04 25 21 03 23
01 14 02 10 22
18 17 07 15 20
06 16 24 09 05
07 15 01 02 19
25 11 08 17 10
22 20 04 12 24
05 23 09 14 03
16 06 18 13 21
04 21 22 06 11
14 18 16 24 02
17 05 12 25 09
13 03 15 01 08
19 10 23 20 07
18 08 25 23 20
11 13 14 22 05
17 24 04 01 16
19 03 06 12 07
21 10 15 09 02
11 01 14 06 23
05 21 20 07 25
17 09 24 18 03
02 13 19 16 08
22 10 15 12 04
15 12 16 08 03
07 06 17 19 20
09 02 13 18 14
24 01 25 22 05
21 10 11 04 23
03 18 19 08 20
17 13 24 25 16
12 10 02 14 22
09 11 07 01 04
05 21 15 23 06
02 16 17 13 07
09 15 22 14 24
05 18 20 06 19
21 23 03 08 11
12 25 10 04 01
23 25 14 07 21
15 11 24 20 22
12 19 13 05 17
09 04 06 01 02
10 03 18 16 08
11 24 04 20 03
12 23 07 05 22
02 06 17 15 08
25 10 19 14 18
21 13 09 16 01
14 15 11 17 20
01 08 06 23 07
13 24 09 25 12
05 19 03 22 02
18 04 16 21 10
21 06 03 11 05
08 19 24 12 07
01 13 17 20 10
15 18 25 02 22
14 23 09 16 04
02 14 01 08 10
16 13 25 05 03
19 04 21 09 22
18 11 12 20 07
06 23 17 24 15
01 10 21 04 16
18 12 02 17 20
19 14 03 22 24
05 11 23 15 08
09 07 25 13 06
04 08 21 19 11
23 25 09 15 24
16 03 10 12 02
13 06 18 01 20
05 22 07 17 14
02 16 08 22 23
19 11 10 12 05
04 07 15 24 01
03 09 14 21 25
20 06 18 17 13
25 23 11 19 24
14 13 01 07 20
02 15 04 21 03
18 16 10 08 12
09 17 22 06 05
08 13 10 19 24
05 14 22 21 20
11 01 07 04 18
06 17 09 02 25
23 12 03 15 16
03 16 13 22 17
14 01 24 09 21
05 20 19 15 23
10 07 06 12 18
11 02 25 08 04
23 12 03 08 09
11 19 07 06 18
16 20 13 04 01
02 15 14 05 10
24 17 21 22 25
25 07 04 15 08
11 05 03 12 21
22 10 02 01 23
16 09 17 06 18
13 24 20 19 14
06 17 12 21 18
09 23 24 04 15
11 22 03 13 20
10 05 25 02 08
14 07 19 16 01
25 16 07 15 09
13 01 24 20 21
12 08 06 14 19
03 23 11 17 02
10 04 18 22 05
12 25 16 14 24
15 19 06 07 02
04 23 05 08 21
18 20 01 17 09
11 10 13 03 22
13 03 21 11 06 18 08 10 23 25 20 02 09 15 24 19 04 07 14 22 12 16 05 17 01
