30
17 06 20 15 03
24 19 18 25 21
23 07 01 13 22
12 10 05 09 02
16 08 11 04 14
24 10 19 23 02
13 09 14 11 17
18 20 07 16 06
15 12 01 04 08
21 25 03 05 22
16 12 21 15 06
25 10 08 24 09
01 22 19 02 23
05 07 11 04 14
03 18 20 17 13
10 20 19 24 15
09 05 22 03 16
23 01 12 14 18
21 02 25 17 08
06 07 11 04 13
02 01 03 17 13
14 22 18 07 06
20 25 12 04 09
11 21 08 10 24
15 23 19 05 16
17 21 05 25 23
04 14 20 13 07
18 02 10 01 12
09 15 24 22 16
19 03 06 08 11
07 01 20 06 15
21 05 12 25 13
08 10 18 16 14
22 24 23 09 17
03 02 04 19 11
16 02 18 15 14
06 10 01 03 20
09 21 04 19 05
13 12 23 08 11
07 22 24 25 17
19 23 13 14 09
12 05 03 11 06
07 16 02 22 10
08 04 18 15 21
25 24 20 01 17
20 08 24 11 10
03 14 19 13 05
06 23 12 17 07
18 15 02 21 04
16 25 09 01 22
22 03 24 17 20
15 02 25 01 06
04 09 14 12 08
23 05 19 21 11
07 18 16 10 13
23 02 04 05 14
18 25 09 17 10
06 22 24 12 13
15 08 03 16 20
11 19 07 21 01
24 07 01 11 18
17 25 13 02 21
20 08 19 09 06
14 16 10 23 15
22 04 03 05 12
17 14 05 04 16
23 03 01 19 02
08 15 18 22 06
24 10 07 11 21
20 25 12 09 13
23 09 19 21 12
06 16 20 17 22
11 25 02 14 13
03 08 18 24 07
01 04 10 15 05
20 13 23 01 16
21 03 04 09 10
12 24 25 18 06
11 05 17 19 02
07 15 14 22 08
04 21 25 02 01
22 08 14 17 12
05 23 13 07 19
15 03 20 24 18
06 16 11 09 10
14 07 09 15 22
20 25 19 06 13
08 04 03 24 17
05 21 16 01 11
10 23 02 18 12
02 09 08 05 07
23 11 17 03 25
06 01 18 15 13
16 22 21 19 10
20 14 12 24 04
12 04 05 21 09
01 22 13 06 02
18 15 20 25 17
03 07 10 16 19
24 23 11 14 08
18 02 16 07 11
05 12 20 04 06
22 14 17 25 19
13 10 03 23 21
08 24 09 15 01
06 23 17 15 04
03 05 21 20 08
01 11 02 16 10
19 22 25 09 12
13 14 24 07 18
15 12 22 05 07
16 11 09 21 19
01 23 03 08 25
20 02 06 14 04
24 17 18 13 10
22 06 21 08 03
19 14 04 09 12
10 13 02 16 23
07 20 17 24 18
25 01 05 11 15
01 08 06 16 14
07 12 03 17 05
24 18 25 15 04
02 21 11 20 13
10 09 19 23 22
20 11 25 17 18
24 19 03 06 16
14 22 21 04 13
10 02 12 05 09
23 07 08 15 01
01 08 04 25 24
13 15 03 23 18
16 20 11 02 19
05 14 22 07 12
09 21 17 06 10
06 09 19 01 23
08 11 20 07 16
17 24 18 13 25
14 05 04 03 02
15 22 12 21 10
18 07 20 13 19
12 08 17 15 05
09 21 06 03 02
24 16 25 11 14
10 01 23 04 22
09 05 01 21 02
19 24 10 25 14
07 23 04 11 13
22 03 12 16 18
06 20 17 08 15
14 01 23 05 20 02 03 09 11 07 17 22 13 24 10 08 15 19 18 12 21 16 25 06 04
