30
09 25 17 23 14
15 11 01 07 12
19 22 21 06 02
18 20 04 13 24
08 03 05 10 16
16 23 03 12 18
17 21 14 08 15
05 20 07 02 06
19 13 04 25 22
24 01 09 10 11
19 25 08 21 01
18 14 10 24 09
13 06 23 02 05
11 22 03 12 16
17 20 07 04 15
05 14 03 15 25
06 16 01 22 10
21 18 07 13 09
12 20 23 11 08
04 17 24 02 19
06 12 19 01 11
20 14 07 10 24
18 08 22 04 17
15 16 05 09 13
25 02 23 03 21
01 25 02 06 22
10 15 12 17 23
08 11 03 09 04
18 16 19 20 14
05 13 24 21 07
03 05 04 18 10
02 14 06 20 08
07 21 17 13 19
23 01 25 16 22
11 15 24 09 12
19 08 01 05 21
10 03 25 16 13
15 09 04 24 17
23 06 12 22 20
07 11 02 18 14
20 05 25 22 23
06 10 14 16 03
15 07 21 24 04
11 08 19 13 02
17 18 12 09 01
09 15 12 06 07
17 19 25 01 02
21 23 08 16 18
04 05 10 03 20
22 24 14 13 11
01 15 06 13 14
09 02 20 03 23
04 18 24 08 05
10 11 12 16 22
19 17 21 07 25
17 10 18 11 07
05 04 22 25 12
16 15 06 01 03
20 24 02 09 13
21 19 14 08 23
03 17 19 01 18
25 20 22 07 12
04 24 23 15 09
11 06 08 21 16
02 05 10 14 13
07 25 08 09 06
16 10 18 11 17
19 05 04 15 12
22 13 01 24 23
02 21 03 20 14
17 02 03 07 05
12 19 22 10 25
08 20 04 18 01
24 06 16 13 15
14 09 21 11 23
17 11 15 03 23
01 10 22 04 12
02 13 24 16 05
06 25 07 21 18
19 14 09 20 08
23 25 02 17 20
05 09 21 22 03
04 19 01 24 10
08 18 14 13 06
12 15 16 07 11
03 16 15 01 06
13 25 24 02 17
22 08 11 20 23
14 12 19 10 09
18 07 21 05 04
05 01 24 25 14
09 22 13 04 03
23 02 19 10 06
15 20 12 11 18
07 08 21 17 16
14 25 16 08 03
02 10 24 11 15
22 17 12 06 19
18 13 23 04 21
09 07 20 01 05
23 15 25 07 19
22 16 18 11 20
04 14 08 09 17
01 21 24 03 12
05 06 02 13 10
20 12 17 24 23
25 16 10 03 02
15 11 05 14 19
09 22 06 13 21
07 18 04 01 08
13 21 17 18 04
23 11 19 06 01
10 25 09 03 07
22 02 14 08 05
24 20 15 12 16
15 16 11 02 14
25 09 04 19 03
06 18 08 17 21
23 10 22 05 20
07 13 24 01 12
08 01 04 15 18
09 06 05 21 16
25 03 23 19 24
02 12 17 10 13
07 14 22 20 11
18 07 11 14 19
22 09 08 21 15
03 10 20 12 16
13 04 05 06 25
23 17 02 24 01
14 25 16 01 10
05 03 17 08 07
06 19 21 13 02
12 15 11 24 04
23 18 20 09 22
20 05 07 08 01
09 19 17 04 03
15 21 13 10 22
12 18 11 06 02
25 24 23 14 16
12 14 15 17 16
06 10 09 24 22
23 03 25 08 11
19 13 07 20 05
21 01 04 02 18
02 25 04 24 10
22 14 01 03 13
18 11 17 15 20
21 19 08 07 23
12 06 09 16 05
08 23 02 21 06 22 19 18 04 01 15 09 05 24 14 03 13 11 10 16 20 12 17 07 25
