30
11 04 14 08 21
22 10 02 17 16
03 25 20 01 09
24 06 15 05 19
18 07 23 13 12
06 03 10 20 07
08 25 15 19 17
14 11 18 21 01
24 22 13 23 05
04 16 02 12 09
22 19 23 03 04
05 20 09 13 08
11 17 07 10 16
06 15 12 18 02
01 14 21 25 24
25 19 06 14 21
10 22 13 09 17
16 20 23 07 11
02 03 15 24 12
01 04 08 18 05
14 23 19 20 17
03 25 13 05 12
22 16 10 15 09
08 18 11 21 24
01 02 06 07 04
21 12 05 09 15
02 08 22 13 18
04 10 07 24 06
16 01 03 20 19
11 25 17 23 14
01 05 04 23 21
12 13 08 10 17
06 14 25 15 19
03 16 24 22 09
11 20 07 18 02
14 11 21 02 16
23 17 07 15 04
01 22 18 09 03
06 08 10 05 24
25 19 12 13 20
21 08 11 12 25
09 07 16 05 17
13 15 06 10 18
04 01 19 23 24
02 20 22 03 14
18 17 13 12 22
15 09 06 05 21
25 19 01 24 14
03 08 07 11 04
16 23 10 02 20
24 11 15 21 12
19 04 05 25 07
09 14 01 17 16
20 03 23 22 06
13 10 08 02 18
12 21 14 25 10
04 05 03 13 15
09 24 16 02 20
19 23 22 01 07
06 18 08 11 17
11 24 15 23 25
20 22 05 04 13
10 01 02 06 18
09 07 12 03 19
16 17 08 14 21
17 11 21 12 16
05 18 08 25 02
22 03 24 06 04
01 20 09 13 07
14 19 23 10 15
22 18 03 10 09
25 13 24 20 15
06 12 02 23 19
21 08 17 01 07
04 14 11 16 05
17 18 02 25 01
05 12 04 22 11
09 16 08 23 14
15 24 10 21 07
06 19 20 13 03
13 07 09 02 03
16 05 14 22 01
23 12 25 10 18
06 19 11 21 24
15 17 04 20 08
25 17 21 18 15
23 19 01 05 14
24 03 04 12 08
22 11 10 02 06
16 09 07 20 13
25 04 20 21 12
07 14 19 02 18
11 01 24 13 08
09 06 22 23 15
05 17 10 16 03
04 13 22 02 17
16 25 20 07 06
09 18 21 01 12
15 19 11 08 03
24 10 05 23 14
14 05 15 01 21
18 11 06 20 16
23 24 19 25 03
17 12 13 10 09
04 02 22 07 08
22 03 11 01 24
13 05 20 10 25
14 19 18 16 12
09 17 23 21 04
15 06 08 07 02
08 07 25 13 14
02 10 01 15 20
03 23 09 19 21
22 17 16 06 24
11 04 18 05 12
17 18 11 20 08
23 19 21 03 12
07 01 13 10 05
06 22 15 02 09
14 24 16 25 04
03 12 09 06 13
01 20 25 23 22
19 11 24 07 02
10 04 17 08 16
18 15 21 05 14
16 07 04 05 12
15 17 23 25 08
14 22 20 03 18
01 02 24 19 06
11 10 21 13 09
19 12 05 04 14
09 25 21 18 13
01 11 03 15 08
24 07 20 02 23
22 16 10 17 06
08 04 18 10 12
11 25 01 02 17
16 13 05 03 22
15 21 23 14 19
09 24 20 07 06
02 10 17 01 15
04 16 19 23 24
14 05 13 20 07
25 09 03 06 22
08 18 11 21 12
02 08 06 09 19
11 14 12 01 05
10 24 17 07 13
18 23 21 22 25
03 15 20 04 16
21 16 02 12 19 04 01 06 10 05 18 25 09 07 23 24 22 15 13 11 17 08 14 03 20
