30
01 10 18 08 13
05 16 11 07 14
04 22 17 23 25
24 09 03 02 21
06 15 12 19 20
24 09 20 06 02
07 14 25 12 11
19 16 01 21 15
17 13 08 23 22
10 18 05 04 03
08 09 20 13 24
05 21 16 06 15
22 07 18 04 03
11 10 01 25 12
02 17 14 19 23
09 13 07 03 05
17 10 21 18 11
19 22 04 23 15
08 14 16 01 02
12 06 25 20 24
22 05 10 08 17
23 01 16 09 03
24 25 20 18 13
21 19 04 15 14
06 02 12 11 07
04 11 16 07 08
20 18 12 21 22
10 05 03 17 06
15 19 23 01 02
25 14 24 09 13
06 14 25 18 19
15 09 20 24 17
08 13 02 21 05
07 22 01 23 16
12 10 04 11 03
04 19 14 16 12
20 15 08 03 24
22 09 13 18 17
21 05 01 02 07
11 10 06 23 25
05 17 09 02 12
18 22 07 24 10
03 25 08 14 23
20 01 21 06 11
15 19 16 13 04
06 04 05 13 19
23 17 12 25 01
16 07 08 11 03
15 18 21 24 09
22 10 14 20 02
23 24 05 21 13
06 14 01 12 16
20 08 09 02 11
19 22 04 25 10
18 15 03 07 17
01 11 03 24 20
04 22 21 08 05
10 23 06 18 09
14 12 07 17 25
15 02 13 16 19
24 09 17 08 05
19 23 14 25 03
10 20 15 16 02
06 01 12 07 18
13 04 11 22 21
25 16 08 09 24
21 22 11 13 23
07 18 01 12 04
10 05 14 03 06
17 20 19 02 15
10 24 05 21 17
14 18 08 20 04
19 02 25 11 23
01 13 07 22 09
15 12 03 06 16
08 11 09 21 24
22 20 23 14 15
07 10 18 06 19
04 03 17 13 05
01 12 25 16 02
06 10 21 16 05
01 19 09 22 20
08 15 07 17 12
23 02 18 24 14
11 13 03 25 04
24 25 11 21 14
01 10 16 15 05
17 03 06 23 04
19 09 22 07 13
08 02 12 18 20
15 09 22 21 19
03 23 01 12 14
16 06 17 20 02
05 10 18 11 07
04 24 25 13 08
06 04 01 15 10
14 11 02 18 20
05 03 13 25 12
22 16 23 07 21
09 24 19 17 08
01 21 23 13 17
10 16 07 11 20
03 15 06 24 02
12 18 19 22 05
25 09 08 14 04
06 08 04 09 14
12 17 02 01 05
15 10 24 16 18
22 07 21 25 03
19 13 20 11 23
01 08 11 15 24
21 22 12 02 04
09 13 16 05 18
17 14 10 03 07
06 23 25 19 20
05 08 04 20 23
09 16 17 10 19
22 15 13 11 07
25 02 18 12 14
21 03 01 24 06
14 18 23 04 25
02 22 05 11 21
09 03 07 10 01
08 16 15 13 24
06 20 12 17 19
02 05 08 18 16
15 06 12 24 19
23 03 09 13 21
11 17 07 25 22
20 14 01 04 10
22 19 07 17 18
25 09 13 21 01
06 15 03 10 05
11 23 16 12 14
08 20 24 04 02
23 12 25 07 08
19 04 10 09 22
06 02 13 21 16
20 01 11 15 05
14 24 03 17 18
08 05 07 15 22
10 06 21 11 20
19 14 04 25 17
01 03 18 13 09
24 16 12 23 02
15 18 12 02 20
10 21 08 03 22
11 09 07 25 13
23 19 17 01 16
05 06 04 24 14
08 24 21 25 20 07 14 12 04 11 13 22 03 16 10 02 23 06 09 05 19 01 18 15 17
