30
02 13 04 09 23
15 21 08 25 11
10 06 05 16 17
20 24 22 14 12
07 01 18 03 19
02 24 09 23 22
12 20 07 08 21
18 04 14 11 10
06 01 17 13 25
19 15 05 03 16
13 16 06 03 05
07 04 24 02 10
08 20 15 12 01
23 18 11 25 22
17 21 14 09 19
24 01 17 10 19
03 25 11 20 09
23 07 02 14 18
06 22 12 15 16
04 08 13 21 05
21 03 02 11 09
24 08 16 18 05
07 17 23 04 19
13 20 22 14 01
15 12 25 10 06
24 01 06 02 17
12 14 25 04 05
09 07 19 18 20
10 21 03 23 22
16 15 08 13 11
07 22 12 08 09
13 03 06 23 11
10 21 02 01 24
05 19 16 15 25
18 04 14 17 20
06 21 18 05 22
02 15 20 17 12
08 10 01 19 04
25 23 09 13 11
16 14 24 07 03
22 25 11 15 16
09 02 03 17 12
21 24 05 06 18
08 20 14 04 07
13 23 10 01 19
07 09 20 08 06
04 01 25 15 02
19 16 14 23 13
05 17 03 12 24
22 21 18 11 10
02 21 24 03 23
12 11 14 18 04
13 09 19 22 07
15 20 01 05 25
10 16 06 17 08
04 21 16 15 17
23 20 11 12 09
01 10 22 07 02
24 18 08 14 03
25 06 05 19 13
24 22 21 20 15
04 07 14 12 25
09 19 17 10 16
13 18 02 05 08
01 03 23 11 06
23 20 05 02 06
16 11 01 24 14
15 25 22 19 17
09 03 13 10 12
04 08 21 07 18
20 17 12 02 03
09 16 22 15 21
06 08 18 13 24
14 04 07 19 05
10 11 25 01 23
11 17 20 04 21
01 12 09 16 24
02 05 18 08 06
19 15 14 10 13
07 25 22 03 23
06 23 14 11 25
24 18 05 09 20
19 10 08 03 15
17 04 07 22 12
21 13 16 02 01
09 13 16 01 24
03 06 25 02 11
14 19 22 20 04
17 07 21 18 12
05 15 08 10 23
19 08 22 23 12
24 18 04 17 09
20 21 05 02 07
16 01 03 11 10
06 13 25 15 14
07 11 12 14 02
04 09 20 21 05
16 22 06 15 13
03 18 19 08 17
01 24 10 23 25
25 07 24 10 09
21 19 11 06 04
15 03 17 20 12
08 18 14 23 02
22 01 16 05 13
24 21 02 07 11
16 15 18 09 22
05 01 06 08 17
25 04 23 12 19
10 14 03 13 20
12 17 19 10 07
03 04 25 01 02
08 15 09 05 24
18 13 22 21 14
11 20 23 06 16
25 10 19 11 04
20 24 23 16 18
01 14 21 06 17
13 08 09 12 22
02 05 07 03 15
21 10 19 06 05
24 02 22 14 16
17 15 20 13 12
18 03 04 08 23
09 25 11 01 07
05 09 23 07 14
01 12 04 24 03
10 18 08 20 11
22 15 13 21 06
16 25 19 17 02
10 12 22 07 03
19 25 23 11 04
05 01 02 09 06
14 17 20 16 13
08 15 18 24 21
07 04 25 21 17
02 18 10 23 16
24 19 08 05 14
11 06 22 15 20
13 09 03 01 12
12 19 15 05 03
21 25 06 01 11
13 22 17 09 20
16 23 24 04 18
07 14 08 10 02
10 22 01 18 04
24 05 17 09 20
11 06 14 25 12
13 02 23 21 08
19 15 07 03 16
19 18 22 17 07 24 09 03 15 21 23 16 14 05 08 13 10 11 04 02 12 01 20 25 06
