30
09 21 06 07 01
17 18 11 20 19
16 03 23 14 15
25 04 12 02 08
05 24 13 10 22
14 18 05 25 23
02 03 09 22 06
15 21 04 10 20
01 19 24 17 12
07 13 11 16 08
16 14 06 24 04
07 05 25 19 23
15 22 08 18 01
13 12 17 20 11
03 10 09 21 02
19 04 22 06 09
01 15 13 11 05
16 20 18 08 25
23 02 12 07 17
21 14 03 10 24
25 17 19 24 10
15 14 16 03 23
01 21 22 09 08
18 11 02 04 05
12 13 07 06 20
15 17 18 12 22
03 11 07 14 19
21 20 09 01 23
06 10 02 13 05
24 04 25 16 08
22 25 24 14 16
19 01 21 09 08
11 06 17 03 23
05 15 13 12 04
10 20 02 07 18
12 19 11 22 04
18 24 09 15 17
07 01 08 23 02
13 10 25 06 16
20 03 21 14 05
22 01 25 20 09
15 14 16 10 13
04 18 02 11 23
05 21 06 07 12
03 08 17 19 24
16 01 15 14 18
06 21 09 07 04
05 13 24 17 25
23 10 22 12 19
02 11 03 08 20
07 14 06 08 12
11 02 25 19 10
16 22 17 18 13
20 23 09 15 04
21 01 05 24 03
08 20 13 11 10
18 14 19 03 15
22 16 04 09 21
12 23 02 01 25
17 06 05 24 07
01 16 24 25 15
17 18 08 06 05
04 11 14 02 19
21 12 03 13 20
09 23 07 10 22
20 17 02 10 07
04 12 24 08 16
03 09 01 15 11
22 21 23 06 18
19 14 05 13 25
23 15 09 12 18
08 03 21 20 13
05 02 16 22 10
14 24 06 07 04
11 01 25 17 19
15 03 14 25 13
11 12 01 22 07
19 02 23 18 06
17 24 21 20 04
10 16 08 09 05
17 03 24 06 14
20 19 10 04 21
13 16 01 23 25
18 12 11 07 22
05 15 02 09 08
14 25 20 01 03
09 24 15 02 23
19 16 10 07 04
08 17 06 18 13
05 22 12 21 11
17 05 10 16 25
08 15 04 13 21
23 02 06 24 07
19 18 12 14 03
09 01 22 11 20
14 15 23 09 20
24 25 07 11 04
01 02 22 06 16
19 03 13 17 21
18 10 05 08 12
04 02 05 07 15
10 19 17 01 16
13 03 25 20 18
08 14 11 23 21
09 24 12 22 06
05 09 18 03 02
16 11 22 25 07
08 06 15 10 17
13 12 23 20 21
04 01 14 24 19
03 13 24 14 09
19 11 04 15 21
07 18 20 12 25
17 05 23 08 02
01 16 10 06 22
24 14 15 09 04
16 13 20 05 12
17 19 01 10 23
02 06 25 03 11
21 07 18 08 22
17 21 02 20 01
08 22 03 23 18
13 19 14 12 09
16 25 05 11 15
04 24 07 10 06
11 09 16 07 12
23 17 14 01 02
15 08 06 24 25
04 10 03 18 05
21 22 13 19 20
02 17 16 23 12
24 20 19 06 08
07 14 04 03 11
13 10 01 15 05
09 21 25 18 22
18 14 08 04 19
12 11 13 07 09
20 05 02 01 06
24 25 17 10 22
03 21 23 15 16
02 24 17 03 23
05 19 07 25 15
22 11 08 01 21
04 18 14 09 13
06 10 12 20 16
18 17 16 07 10
02 09 22 06 12
25 20 21 01 11
03 08 19 13 14
05 15 04 24 23
18 01 06 22 21 10 09 13 11 14 07 12 19 25 24 05 03 15 16 08 04 23 17 02 20
