30
13 18 05 11 06
20 23 19 15 04
22 07 03 10 16
12 14 17 21 08
09 01 24 25 02
19 12 15 11 13
25 05 02 04 18
07 22 23 03 01
08 09 21 24 10
17 14 16 06 20
03 18 12 23 05
14 11 02 09 15
08 19 22 06 17
13 01 25 07 10
04 21 20 16 24
01 21 18 17 03
08 16 13 19 07
10 05 12 04 22
24 09 23 20 25
15 06 02 11 14
03 06 02 01 17
24 11 18 09 19
08 22 14 25 10
16 05 07 21 04
20 12 13 23 15
03 21 13 15 04
02 17 19 12 10
18 22 11 07 16
14 08 24 09 25
23 05 20 06 01
11 25 17 09 22
16 03 24 23 07
12 08 21 14 18
04 20 19 06 13
10 01 15 05 02
21 14 15 10 11
08 03 17 02 09
07 19 18 23 25
16 04 05 13 01
12 06 24 22 20
22 09 06 24 15
10 04 07 11 13
08 18 23 05 12
19 14 03 16 25
20 02 01 21 17
24 15 17 04 01
20 05 18 23 21
03 07 12 09 14
02 19 25 16 11
10 22 08 06 13
09 02 25 07 01
20 05 08 04 17
23 11 12 03 10
06 15 21 22 24
14 13 19 18 16
21 13 22 24 17
05 18 19 01 09
10 14 08 11 07
16 02 06 20 25
15 23 12 03 04
24 07 01 06 18
12 23 15 14 22
21 17 19 13 09
03 10 08 20 16
05 02 11 25 04
03 12 15 13 18
24 22 06 02 16
23 09 14 07 08
20 25 19 21 01
11 05 04 10 17
05 01 13 22 03
04 02 12 07 24
10 23 08 06 17
14 09 25 16 11
18 20 21 15 19
05 09 16 08 10
02 13 19 15 23
20 18 25 14 06
03 11 01 24 12
04 21 17 22 07
22 20 09 17 15
04 08 25 10 11
06 18 21 13 03
01 14 24 07 12
05 19 02 16 23
13 14 11 22 10
19 17 07 18 02
06 03 08 05 01
16 15 24 25 09
23 04 20 12 21
14 22 13 01 10
06 09 03 24 19
11 08 12 16 15
04 21 02 25 07
20 18 23 05 17
10 04 12 18 17
24 13 14 01 02
06 22 09 11 08
15 25 19 05 23
20 03 21 16 07
12 07 21 17 24
04 06 23 19 14
05 10 15 13 09
16 18 03 11 22
01 02 20 25 08
21 08 11 04 10
15 13 02 25 24
18 22 17 03 23
07 19 16 06 05
09 20 12 01 14
11 24 08 21 20
23 12 06 18 14
15 25 13 19 01
17 09 07 22 16
05 02 04 10 03
19 23 01 22 02
05 18 21 14 10
13 04 12 03 08
25 07 16 15 24
06 20 11 17 09
12 11 07 21 22
17 25 10 24 02
16 19 05 13 23
18 01 03 06 20
14 04 08 15 09
02 03 22 10 01
08 13 25 09 18
12 06 14 04 17
21 15 19 24 16
23 11 07 20 05
11 04 14 16 25
22 03 21 17 02
07 09 05 08 23
06 01 13 12 15
18 24 20 10 19
16 15 20 24 13
17 25 09 22 23
21 11 19 02 03
06 14 07 12 01
08 18 10 05 04
12 15 11 10 25
04 05 02 08 19
22 09 07 01 14
17 03 24 18 13
20 23 16 06 21
20 04 14 03 17
18 06 15 16 09
21 22 19 11 02
05 23 24 08 12
25 01 13 07 10
02 16 20 24 05 01 11 04 18 17 12 09 10 23 07 15 06 21 14 19 25 13 03 22 08
