30
01 14 12 19 08
04 25 21 10 05
23 22 03 11 06
17 15 18 16 02
20 24 13 07 09
01 14 12 19 08
04 25 21 10 05
23 22 03 11 06
17 15 18 16 02
20 24 13 07 09
01 14 12 19 08
04 25 21 10 05
23 22 03 11 06
17 15 18 16 02
20 24 13 07 09
01 14 12 19 08
04 25 21 10 05
23 22 03 11 06
17 15 18 16 02
20 24 13 07 09
01 14 12 19 08
04 25 21 10 05
23 22 03 11 06
17 15 18 16 02
20 24 13 07 09
01 14 12 19 08
04 25 21 10 05
23 22 03 11 06
17 15 18 16 02
20 24 13 07 09
01 14 12 19 08
04 25 21 10 05
23 22 03 11 06
17 15 18 16 02
20 24 13 07 09
01 14 12 19 08
04 25 21 10 05
23 22 03 11 06
17 15 18 16 02
20 24 13 07 09
01 14 12 19 08
04 25 21 10 05
23 22 03 11 06
17 15 18 16 02
20 24 13 07 09
01 14 12 19 08
04 25 21 10 05
23 22 03 11 06
17 15 18 16 02
20 24 13 07 09
01 14 12 19 08
04 25 21 10 05
23 22 03 11 06
17 15 18 16 02
20 24 13 07 09
01 14 12 19 08
04 25 21 10 05
23 22 03 11 06
17 15 18 16 02
20 24 13 07 09
01 14 12 19 08
04 25 21 10 05
23 22 03 11 06
17 15 18 16 02
20 24 13 07 09
01 14 12 19 08
04 25 21 10 05
23 22 03 11 06
17 15 18 16 02
20 24 13 07 09
01 14 12 19 08
04 25 21 10 05
23 22 03 11 06
17 15 18 16 02
20 24 13 07 09
01 14 12 19 08
04 25 21 10 05
23 22 03 11 06
17 15 18 16 02
20 24 13 07 09
01 14 12 19 08
04 25 21 10 05
23 22 03 11 06
17 15 18 16 02
20 24 13 07 09
01 14 12 19 08
04 25 21 10 05
23 22 03 11 06
17 15 18 16 02
20 24 13 07 09
01 14 12 19 08
04 25 21 10 05
23 22 03 11 06
17 15 18 16 02
20 24 13 07 09
01 14 12 19 08
04 25 21 10 05
23 22 03 11 06
17 15 18 16 02
20 24 13 07 09
01 14 12 19 08
04 25 21 10 05
23 22 03 11 06
17 15 18 16 02
20 24 13 07 09
01 14 12 19 08
04 25 21 10 05
23 22 03 11 06
17 15 18 16 02
20 24 13 07 09
01 14 12 19 08
04 25 21 10 05
23 22 03 11 06
17 15 18 16 02
20 24 13 07 09
01 14 12 19 08
04 25 21 10 05
23 22 03 11 06
17 15 18 16 02
20 24 13 07 09
01 14 12 19 08
04 25 21 10 05
23 22 03 11 06
17 15 18 16 02
20 24 13 07 09
01 14 12 19 08
04 25 21 10 05
23 22 03 11 06
17 15 18 16 02
20 24 13 07 09
01 14 12 19 08
04 25 21 10 05
23 22 03 11 06
17 15 18 16 02
20 24 13 07 09
01 14 12 19 08
04 25 21 10 05
23 22 03 11 06
17 15 18 16 02
20 24 13 07 09
01 14 12 19 08
04 25 21 10 05
23 22 03 11 06
17 15 18 16 02
20 24 13 07 09
01 14 12 19 08
04 25 21 10 05
23 22 03 11 06
17 15 18 16 02
20 24 13 07 09
14 12 19 08 04 21 10 23 22 11 06 17 15 18 02 20 24 13 07 05 25 09 16 01 03
