10000
13 25
31 95
44 84
40 57
47 73
32 72
66 90
13 96
20 57
65 93
8 77
34 39
22 42
27 67
46 100
16 40
36 95
83 86
56 84
75 83
63 97
20 81
75 87
59 79
11 66
33 44
74 99
44 75
12 34
38 47
7 52
47 71
16 36
17 34
12 67
22 95
68 74
23 24
55 76
48 78
6 36
23 94
86 95
75 81
25 93
42 95
10 32
2 75
5 51
36 65
3 11
83 89
5 36
61 94
29 37
78 88
2 67
34 42
44 87
3 21
20 42
6 58
9 38
38 72
7 44
16 79
16 21
4 61
32 52
27 61
42 58
73 74
4 73
4 78
43 84
35 100
64 69
31 69
25 93
22 99
26 44
29 53
4 51
34 55
29 40
53 89
40 61
17 95
53 91
43 69
11 70
59 80
33 58
56 66
42 72
39 61
7 48
72 77
58 92
73 74
14 80
38 87
85 88
66 73
43 69
30 52
27 45
37 52
3 82
12 39
28 58
12 17
25 48
15 26
6 43
16 17
1 30
30 48
38 54
14 30
43 49
84 92
28 59
29 86
51 93
23 67
16 39
90 98
42 45
18 26
14 26
48 81
77 94
11 61
9 28
15 47
24 46
40 72
34 65
37 80
5 62
8 39
1 88
27 71
66 77
26 86
16 68
32 47
59 85
6 47
24 49
60 69
2 99
18 33
23 67
14 51
74 100
64 72
44 83
5 50
58 79
45 60
51 70
10 27
19 65
10 20
12 98
9 52
18 52
17 39
11 34
4 44
10 99
48 96
10 56
49 86
64 65
11 44
21 78
50 97
45 64
23 32
12 61
47 60
43 62
3 31
4 37
26 69
1 42
51 65
29 39
22 72
62 71
54 72
10 82
15 64
22 74
62 79
31 44
1 45
4 38
38 46
92 93
13 58
38 83
34 93
9 19
91 94
67 77
28 47
11 13
62 69
51 53
27 98
2 7
11 51
29 71
5 93
6 92
8 48
48 51
47 70
9 87
1 92
83 91
4 38
42 75
3 32
51 62
4 9
44 71
44 98
76 97
11 54
15 20
81 99
36 55
40 67
30 61
40 47
58 80
47 88
19 32
68 83
8 44
20 87
61 81
13 66
3 31
33 93
55 96
25 55
27 96
23 43
88 89
46 72
22 87
67 92
32 94
82 90
7 28
21 23
43 88
7 95
9 100
46 59
33 96
16 51
25 73
20 33
41 46
33 83
87 98
12 27
1 24
16 67
83 90
14 21
37 52
49 95
52 61
43 72
92 98
33 98
10 31
24 83
17 98
1 95
16 26
28 41
4 9
37 59
22 37
8 90
87 88
51 54
32 53
36 67
8 50
79 99
60 82
57 97
13 16
38 99
3 85
64 72
19 77
38 50
23 86
33 59
88 100
42 56
14 24
51 71
57 82
51 52
2 42
41 90
34 38
52 94
9 70
95 98
48 56
53 89
4 84
60 67
46 59
25 32
46 84
33 79
57 95
50 57
11 80
44 69
61 65
8 83
31 58
37 42
54 87
20 47
33 72
30 63
48 73
33 59
1 82
11 60
31 68
52 68
6 38
40 80
49 92
74 86
68 90
88 90
31 91
37 53
20 80
68 78
45 55
12 46
83 85
16 23
62 89
15 17
25 36
22 52
25 92
3 88
49 76
27 58
11 61
26 89
57 59
27 84
46 64
28 57
29 73
32 59
39 80
16 16
5 99
43 55
71 80
62 69
97 98
25 63
91 92
3 50
23 49
82 88
13 38
8 75
47 68
18 61
86 91
41 96
82 96
59 75
37 89
49 64
3 84
11 74
14 77
50 65
42 85
10 69
24 64
10 81
74 88
6 81
13 47
15 56
27 68
75 92
24 48
39 93
42 43
58 83
26 36
39 43
18 62
18 47
26 59
15 70
17 49
17 97
89 96
38 47
55 74
5 93
27 65
65 94
44 45
19 78
5 13
2 21
6 60
67 86
18 71
37 100
4 37
18 100
24 34
30 56
17 41
31 41
37 97
10 41
62 92
22 90
90 98
19 41
61 100
5 38
21 93
12 26
45 68
63 86
59 100
23 47
45 90
5 93
37 51
26 86
66 76
10 56
7 19
29 35
81 91
52 52
38 79
39 63
49 50
48 54
22 60
69 86
3 23
4 50
25 56
3 71
37 84
7 64
10 25
6 57
87 88
51 77
13 35
71 96
5 98
22 28
33 58
7 68
73 87
66 79
27 73
53 60
74 92
6 10
14 88
61 96
22 100
8 16
22 34
61 91
63 89
54 67
63 67
28 57
18 99
10 19
31 98
22 34
24 48
53 95
26 30
15 28
82 96
37 97
24 98
11 45
8 96
61 85
70 87
64 79
11 35
22 61
2 81
35 63
29 76
28 92
28 93
47 63
47 65
2 83
42 88
36 65
3 8
7 60
29 79
48 93
37 56
18 73
29 35
45 49
48 85
31 39
36 93
11 45
1 79
37 53
93 93
60 99
42 65
4 44
44 99
23 60
57 60
97 99
20 77
60 80
80 89
3 30
10 38
8 49
47 79
5 50
82 94
37 73
8 59
22 56
9 21
3 54
26 89
21 80
94 97
41 53
18 30
39 93
2 34
29 30
18 58
71 86
18 42
38 92
1 40
11 85
47 58
9 24
49 92
43 46
61 63
48 60
46 95
44 62
27 66
32 44
22 93
31 83
61 68
39 86
71 72
26 77
25 85
64 86
42 49
28 97
41 90
36 74
45 91
17 91
20 24
24 35
11 74
20 92
53 99
3 86
7 24
57 58
8 53
17 33
73 76
41 69
33 54
12 75
27 70
64 68
2 78
6 97
67 99
84 84
35 66
12 72
28 71
53 76
56 64
50 82
64 87
72 87
84 91
45 86
57 85
9 96
63 71
53 64
58 70
6 77
19 75
10 20
46 51
3 94
14 52
21 30
9 81
65 86
56 78
1 94
89 92
16 38
21 91
17 38
39 52
6 91
12 50
3 5
30 93
11 35
44 72
15 26
51 57
4 28
11 36
5 82
18 38
60 82
26 76
13 28
1 15
76 81
37 51
31 89
1 95
8 18
36 55
8 48
14 39
6 41
42 82
88 98
14 99
59 73
55 63
47 58
31 57
40 51
34 53
6 9
18 80
17 48
84 91
13 46
20 74
31 52
42 84
19 54
8 61
67 79
16 75
26 99
38 98
66 83
33 59
57 90
61 74
9 74
21 87
1 81
15 68
53 88
49 80
39 63
58 90
44 81
37 77
32 90
40 94
38 94
38 94
37 92
88 88
5 29
58 81
64 92
63 87
28 64
10 90
17 26
65 87
38 59
69 100
87 94
24 25
67 76
13 19
41 84
26 80
58 93
46 59
63 89
22 27
33 89
32 70
3 95
84 89
38 69
13 59
26 46
45 66
20 80
46 58
8 11
34 79
28 95
1 15
87 88
6 20
61 86
35 79
4 36
31 34
52 63
33 42
12 71
53 92
84 97
31 83
1 47
1 7
56 67
76 94
19 72
12 30
34 52
63 97
56 63
43 85
15 16
33 72
59 98
19 74
29 33
9 19
57 58
6 14
26 74
17 64
8 53
72 82
55 70
40 72
73 74
61 97
34 43
25 60
33 49
28 36
63 84
65 93
47 98
42 70
17 26
29 88
21 68
46 52
4 16
10 84
77 79
60 70
31 99
26 39
15 55
48 91
28 96
26 64
6 88
13 70
28 68
17 19
18 29
9 94
39 62
10 56
2 18
73 95
29 94
2 4
64 87
36 56
20 27
12 92
41 65
43 59
51 85
39 71
83 100
86 94
33 93
39 84
53 83
5 52
10 19
10 30
43 60
21 48
59 80
32 38
34 71
10 41
20 62
57 59
87 96
22 61
16 88
58 81
30 37
14 84
54 79
66 77
12 67
6 76
31 61
76 97
65 67
19 40
16 80
5 19
27 78
12 83
17 24
71 95
66 90
89 95
27 94
21 79
71 91
12 17
14 84
21 31
66 77
31 95
31 85
37 38
33 43
94 99
37 95
8 80
9 11
10 55
1 2
11 68
24 81
6 100
15 68
21 73
15 71
46 89
79 96
25 78
21 66
76 79
48 72
34 45
69 81
87 89
59 63
16 96
44 86
71 78
6 15
30 40
11 24
24 92
26 81
89 97
45 51
29 72
83 93
8 24
24 38
21 50
90 91
41 44
60 85
15 28
35 42
29 32
48 69
31 95
4 30
5 76
9 40
33 53
33 79
70 98
14 59
15 22
3 4
27 33
44 94
14 75
25 29
86 90
9 66
24 69
49 72
94 95
43 87
25 73
47 56
41 92
67 68
23 86
48 98
12 38
1 45
3 68
9 20
29 59
17 53
72 90
3 16
68 89
11 51
63 65
74 88
20 43
20 28
10 16
5 55
6 55
28 36
56 75
38 68
12 45
57 62
44 79
81 91
28 88
20 33
14 79
44 97
98 99
74 75
35 81
2 95
32 46
27 39
6 61
42 94
70 75
18 27
48 73
18 31
63 67
1 63
63 67
68 88
41 70
5 24
68 87
7 21
46 87
31 50
59 87
53 77
81 85
19 39
11 25
9 71
53 56
84 92
17 18
51 85
41 48
27 48
4 36
66 67
7 68
21 22
18 28
40 59
10 91
37 38
71 81
34 65
8 62
23 34
35 62
52 57
61 90
7 82
54 81
5 76
23 29
26 77
61 75
3 17
7 33
19 52
36 66
5 45
2 99
60 75
48 53
34 63
8 62
9 21
45 72
50 67
24 59
18 45
16 58
21 28
53 71
24 90
9 94
23 57
10 28
33 98
29 68
77 96
12 72
53 61
11 68
77 87
26 34
12 21
71 98
7 22
35 39
6 67
25 90
38 49
35 43
35 40
22 86
2 61
43 76
32 39
24 72
71 86
39 62
67 79
61 88
56 69
36 61
34 38
7 45
87 100
41 75
29 88
21 49
69 88
20 48
18 89
24 53
33 33
63 75
32 66
13 78
1 16
20 23
3 37
32 63
25 26
29 32
64 79
2 14
40 91
25 39
16 62
13 39
53 61
15 67
83 94
20 29
71 94
59 80
30 50
11 11
27 28
84 85
5 97
33 54
39 40
9 50
12 85
46 55
16 18
17 85
20 72
23 48
5 28
31 83
56 64
67 86
10 19
9 24
71 86
17 39
90 91
50 97
53 87
10 65
7 55
26 81
56 64
18 94
16 60
39 48
21 92
24 28
9 49
4 77
12 76
22 97
68 87
29 93
60 88
44 82
36 96
83 96
95 98
22 48
9 14
41 43
2 18
20 22
9 98
23 87
20 79
9 57
10 23
15 38
7 87
18 82
66 87
4 86
33 92
29 76
9 83
40 97
69 86
48 71
85 89
13 93
76 94
62 65
8 42
19 94
3 59
25 60
57 77
45 95
62 97
5 91
5 54
52 83
15 81
19 95
3 84
6 66
78 79
11 88
14 69
26 92
38 61
16 49
15 70
34 54
35 69
35 82
15 81
24 63
86 98
29 31
25 94
64 69
60 100
33 39
53 59
18 90
47 74
69 100
29 45
8 84
3 54
71 73
66 90
35 61
82 93
53 85
67 67
76 78
25 57
4 53
29 76
4 18
57 86
48 97
43 50
54 74
80 81
3 100
7 42
2 30
63 82
28 94
72 86
50 74
5 45
12 26
25 51
2 15
13 76
56 87
67 97
56 62
67 69
38 53
25 49
25 57
52 87
65 80
38 88
52 98
42 100
18 79
16 31
32 50
1 2
64 94
13 80
16 48
4 50
86 88
86 91
19 33
78 82
52 75
16 76
44 95
24 48
50 76
23 51
98 99
75 80
30 74
21 99
16 44
35 85
74 82
23 84
17 20
38 54
60 71
85 87
13 48
25 74
2 82
56 95
14 70
33 90
74 85
32 62
38 40
24 56
22 39
42 86
12 55
15 37
46 94
44 100
42 67
17 82
18 87
57 75
79 100
5 30
61 91
8 27
40 88
4 87
21 86
7 40
42 64
13 97
12 77
13 15
34 88
29 72
11 43
41 83
3 58
12 69
9 50
42 53
14 91
10 61
18 62
62 77
91 98
6 93
79 83
2 16
39 67
25 54
42 54
57 75
12 28
17 75
33 79
1 37
67 68
68 73
1 44
21 83
57 68
44 67
13 14
28 84
31 31
55 76
39 53
81 94
11 22
58 75
56 89
33 68
59 86
57 59
60 95
77 88
75 79
55 70
24 56
21 34
79 93
35 40
22 51
22 80
19 67
66 92
49 84
4 48
51 68
57 64
19 80
17 68
45 50
56 57
54 94
21 72
5 62
90 94
26 89
42 85
8 14
13 40
55 71
18 73
50 81
48 78
2 48
3 80
86 98
70 85
29 58
1 57
24 35
9 32
17 75
56 99
20 80
51 64
26 40
82 97
35 75
17 60
15 74
42 87
89 99
20 42
66 79
10 14
31 58
17 30
29 61
37 45
4 66
7 82
13 40
22 83
47 81
1 55
17 44
67 83
31 94
47 67
15 75
11 58
26 80
39 86
1 77
47 52
59 78
8 53
81 84
4 81
56 58
45 93
11 100
35 47
51 64
69 97
54 55
47 74
67 88
44 87
20 80
1 96
4 9
3 27
49 63
77 98
6 61
5 34
16 34
5 6
40 83
14 32
9 44
52 94
10 20
24 93
17 74
83 95
1 20
4 55
48 63
48 49
40 72
41 48
45 79
57 73
13 37
17 28
13 87
12 64
31 86
8 20
26 33
3 68
2 76
54 98
54 89
18 44
5 49
9 28
30 53
2 63
15 89
44 44
14 30
57 88
38 92
19 87
74 90
39 93
17 45
1 18
20 33
42 67
55 100
36 78
10 37
36 55
32 44
75 99
45 70
62 99
51 56
16 23
83 95
88 93
55 95
20 90
40 58
81 96
7 71
14 54
29 64
33 62
25 44
6 34
17 51
35 53
41 91
87 89
61 71
35 53
21 25
42 64
48 52
26 92
15 81
8 41
56 99
90 93
27 77
40 96
34 60
25 73
30 72
24 58
81 98
52 71
60 76
43 87
5 20
28 40
31 90
18 99
69 80
41 74
31 34
27 42
64 89
24 32
40 100
18 89
8 77
34 99
21 64
36 69
14 92
19 56
41 42
17 79
8 86
13 46
24 31
30 38
71 76
15 51
39 72
87 100
8 15
74 77
14 82
23 58
33 76
42 77
1 59
35 95
14 33
38 38
53 99
47 63
18 38
38 41
53 64
16 87
15 34
2 36
22 53
8 90
13 47
79 81
83 95
24 46
41 69
60 93
41 72
10 31
17 84
26 30
14 44
6 18
42 90
71 92
66 74
35 62
60 72
5 93
2 25
66 87
2 35
36 37
44 48
1 74
1 62
44 48
12 96
29 44
20 49
38 76
29 57
40 97
25 78
5 32
2 54
82 95
2 75
13 69
25 26
35 90
23 29
49 98
30 93
33 54
10 48
23 99
33 75
54 65
11 59
70 80
65 97
11 12
35 60
42 100
28 43
42 62
9 92
11 77
2 17
23 80
45 83
39 48
10 59
43 49
24 50
25 51
9 15
1 31
11 70
24 48
2 74
77 79
9 31
62 80
55 76
12 24
69 72
10 43
17 100
14 80
79 99
40 42
10 63
32 51
1 70
48 59
7 76
45 77
12 44
1 73
19 27
24 26
21 72
15 34
34 69
6 24
53 59
10 67
69 93
47 75
7 45
78 93
72 100
75 94
61 77
9 86
8 82
83 92
49 73
55 69
94 95
53 57
12 76
23 95
64 87
50 75
3 42
8 75
34 58
32 34
28 92
13 52
84 84
6 10
30 88
4 39
74 91
6 40
51 62
33 33
28 60
55 90
52 60
60 61
37 83
68 72
49 56
11 13
68 97
77 94
44 60
68 92
52 87
43 80
85 93
54 66
30 67
84 84
40 100
41 86
34 51
23 92
60 86
9 65
1 14
52 68
63 92
9 20
37 98
58 60
40 66
14 16
5 90
6 85
56 87
38 77
10 13
55 69
46 99
28 41
21 51
7 66
29 52
11 23
6 21
34 59
15 99
71 88
18 81
71 88
7 88
17 32
52 62
14 61
42 63
17 46
44 61
7 50
1 82
80 93
14 52
5 43
55 67
40 63
20 97
67 86
68 82
58 86
16 33
37 60
33 90
18 68
84 88
14 48
13 79
81 93
21 67
32 41
1 76
16 97
1 5
9 41
7 87
32 87
16 45
49 71
30 80
9 51
12 16
25 30
17 31
3 93
13 60
77 84
57 74
44 47
13 34
70 85
11 49
50 50
53 85
6 39
57 78
10 18
17 43
25 54
56 77
48 74
39 47
8 14
34 66
18 96
32 53
29 97
2 25
17 40
7 30
25 56
56 80
11 100
1 42
44 94
44 57
4 52
28 64
65 69
3 19
61 81
14 52
14 69
33 81
60 94
23 66
16 94
80 100
50 99
2 52
19 97
43 78
70 76
13 79
34 72
9 78
54 97
16 98
42 99
4 54
14 42
51 90
6 97
26 32
29 42
89 90
42 67
14 44
41 52
74 82
13 46
45 88
16 45
10 87
22 85
23 39
69 86
48 88
90 91
80 81
29 81
20 84
6 66
69 86
32 100
18 93
8 99
30 34
5 88
61 94
42 45
39 89
21 92
7 98
5 56
35 40
21 44
41 47
48 59
17 81
37 95
47 56
19 69
2 22
19 97
44 86
18 60
5 60
53 77
14 72
82 92
6 16
54 91
13 84
68 72
67 72
10 24
20 45
33 78
8 37
18 22
60 68
47 85
82 98
23 41
16 23
54 54
10 64
30 90
88 90
16 93
15 17
31 94
34 43
84 86
6 14
62 68
9 70
50 96
7 59
35 50
25 65
43 61
64 67
42 92
34 55
19 48
58 96
37 83
43 47
48 80
69 89
13 76
68 83
27 67
56 89
12 89
89 94
12 18
8 34
52 96
8 20
8 55
78 83
10 53
20 84
45 65
4 34
42 68
12 34
44 61
56 67
73 83
2 12
20 26
59 64
26 98
46 91
46 57
33 64
17 80
71 88
70 86
2 3
98 100
42 80
55 62
55 96
34 98
41 55
15 37
17 49
2 92
2 92
58 74
28 82
17 69
81 88
7 77
11 22
22 70
70 73
77 84
26 49
24 47
15 58
25 98
89 94
38 56
14 87
64 73
56 90
61 70
39 76
40 44
17 60
7 57
17 28
12 59
11 65
33 90
38 59
60 78
3 67
8 71
57 68
23 72
35 36
12 22
83 99
46 82
1 54
58 84
3 88
31 96
66 83
12 27
10 98
55 70
22 68
13 90
62 99
41 78
72 73
39 100
59 85
39 47
76 76
27 95
51 99
4 9
25 37
46 74
37 41
9 61
54 56
52 64
15 61
38 73
10 22
27 48
27 35
39 99
74 79
70 94
57 78
29 57
50 63
39 95
4 96
48 49
51 65
7 39
52 60
72 95
24 31
85 100
24 70
29 31
24 97
31 45
34 62
11 22
3 21
10 31
23 55
70 84
36 70
32 75
13 15
51 95
30 90
62 76
12 67
36 62
78 82
6 56
55 78
18 82
23 85
2 91
8 34
30 52
43 95
48 67
44 71
51 85
87 93
46 78
43 96
31 74
32 65
45 62
29 88
28 61
58 95
4 5
48 89
68 83
64 82
42 93
15 19
45 100
37 84
23 57
29 96
74 96
15 59
50 71
19 50
80 86
29 35
13 94
6 81
15 67
8 33
33 64
19 38
7 79
52 89
1 41
15 57
25 29
53 70
55 65
70 85
40 63
44 50
45 77
29 41
71 73
23 35
12 31
80 87
16 61
26 62
34 96
11 51
27 57
49 73
52 80
61 77
25 39
12 86
23 89
44 85
39 71
8 60
3 12
46 93
63 81
3 32
21 53
12 85
31 44
6 58
43 60
8 59
70 97
43 89
64 91
55 73
28 69
5 14
44 75
53 80
34 35
5 73
22 50
92 100
45 60
49 61
1 97
33 91
17 27
24 47
7 54
66 80
42 61
8 38
17 65
65 87
22 30
50 80
54 64
31 92
33 100
5 51
11 59
94 96
12 68
39 76
44 48
56 95
55 81
14 89
41 45
28 47
54 80
38 41
38 70
63 79
6 87
71 78
10 87
2 73
24 44
27 64
1 5
33 75
80 83
46 81
14 16
22 52
23 42
36 56
58 76
13 17
90 91
68 74
32 43
10 51
22 70
75 89
31 43
10 61
56 67
53 63
14 74
19 22
10 73
71 72
2 79
20 73
33 70
25 60
17 53
64 78
41 85
18 46
11 20
40 66
11 77
19 21
16 27
1 50
15 34
65 81
16 20
3 42
25 70
78 84
27 72
73 81
49 93
20 59
8 37
46 87
59 61
5 51
14 45
14 52
89 93
28 48
58 77
52 95
45 53
20 29
14 58
63 74
73 94
9 32
13 78
73 92
18 48
2 100
88 96
61 80
12 43
3 95
13 75
2 75
46 58
4 93
34 48
17 79
46 75
33 86
40 48
76 93
18 33
35 94
15 36
42 88
57 84
43 55
38 41
21 69
41 87
16 45
51 61
6 15
54 81
25 94
43 81
3 37
39 68
40 91
16 76
24 80
14 49
92 97
22 75
46 90
8 72
27 44
35 47
74 79
27 27
25 41
12 20
8 12
34 50
24 38
12 48
35 45
19 96
7 96
18 84
31 41
3 29
26 85
30 38
9 72
59 78
98 100
71 81
9 27
59 65
66 76
17 69
17 94
50 60
67 100
30 43
65 95
17 95
17 28
29 68
37 93
6 42
38 68
17 69
28 96
17 96
49 87
86 94
20 66
42 47
17 66
28 68
7 16
79 83
39 59
49 94
51 59
75 90
12 100
15 16
19 93
58 69
43 55
33 76
28 46
4 82
26 54
37 72
45 74
10 81
32 61
34 100
5 58
30 78
15 63
54 63
36 52
90 98
20 73
26 72
44 90
6 70
21 32
30 98
34 67
41 92
91 96
11 53
16 92
44 69
56 79
37 70
85 90
37 79
25 28
32 34
9 65
41 82
63 77
13 99
14 44
29 75
26 68
18 84
19 37
67 89
53 69
64 79
4 37
8 54
10 25
20 87
12 30
62 78
44 89
43 70
38 59
23 100
53 84
7 18
68 94
62 87
32 54
7 80
27 39
29 55
86 91
90 98
46 48
20 40
5 13
16 66
52 68
41 45
42 59
28 52
33 47
21 38
36 41
27 41
26 69
18 41
10 40
17 51
31 76
17 81
6 40
61 80
7 28
46 60
68 86
17 72
16 37
50 73
74 87
20 70
42 81
20 36
33 60
38 97
51 66
13 34
39 57
6 16
52 78
52 96
38 56
15 75
66 92
54 99
61 84
56 86
18 34
2 63
76 76
60 66
6 29
24 83
27 54
27 44
24 51
6 69
18 59
19 48
26 87
63 98
24 75
6 99
16 47
21 31
58 74
29 30
18 96
17 71
4 43
45 94
54 69
8 45
8 57
60 90
2 55
47 72
11 23
62 80
40 69
26 82
39 55
18 40
24 69
20 44
10 74
56 65
2 47
18 53
30 52
1 99
19 26
7 15
9 38
5 95
11 49
43 43
8 89
32 46
39 55
52 65
32 65
9 30
59 62
11 54
45 81
12 25
32 65
25 39
1 57
23 89
17 47
81 94
26 44
90 98
36 51
56 64
68 75
29 73
51 99
33 93
33 58
55 72
20 49
32 53
75 82
40 52
43 78
7 35
44 98
25 99
47 85
56 90
69 79
4 62
31 39
11 65
44 84
26 33
51 62
50 63
72 96
6 8
8 73
62 87
29 57
1 48
36 62
9 88
35 82
32 37
62 62
20 71
37 83
51 79
18 70
8 78
31 74
24 32
3 9
14 65
74 79
29 52
69 86
59 100
48 59
18 48
15 92
6 37
55 65
71 99
59 74
33 72
54 96
17 92
43 99
35 66
21 65
38 53
29 65
95 96
38 65
40 67
31 40
9 23
64 72
40 56
39 44
5 95
26 61
17 58
49 87
25 47
36 44
41 57
28 71
33 43
41 76
33 85
52 78
83 92
23 55
7 94
46 57
34 49
28 44
46 59
55 88
28 46
28 49
27 69
69 77
17 38
41 99
7 34
14 65
27 44
7 83
2 12
58 87
35 51
31 43
65 83
13 83
30 58
55 72
10 65
11 95
55 72
23 30
23 78
73 84
56 67
93 96
78 86
8 94
61 94
6 63
59 60
45 68
12 25
58 94
9 52
64 67
21 66
35 60
7 35
95 100
5 24
47 73
33 76
60 78
23 46
21 31
13 46
22 31
53 54
12 27
24 43
11 96
24 78
43 69
19 39
26 99
10 81
31 72
7 74
13 65
5 46
20 62
48 94
1 80
85 99
21 32
41 56
41 89
4 7
45 73
52 82
27 73
19 32
39 97
13 19
17 90
46 55
34 64
7 69
43 82
45 85
61 94
13 19
27 63
36 98
62 82
26 32
15 41
17 72
84 96
34 36
6 55
19 90
11 41
57 91
33 79
75 79
10 79
32 80
36 61
74 85
55 94
4 63
58 90
7 24
58 94
28 81
23 33
3 62
65 94
26 35
52 80
48 98
51 89
7 45
12 89
66 89
35 100
10 18
5 26
60 86
29 63
42 68
32 78
28 95
19 94
11 74
11 73
44 45
11 49
55 78
29 44
25 73
64 90
3 33
64 78
1 98
9 46
23 72
18 91
25 99
10 72
37 45
32 93
7 46
19 63
75 81
40 64
36 38
38 42
16 44
21 40
6 98
59 75
54 82
31 83
18 88
17 57
21 84
62 84
83 100
23 70
21 30
30 65
16 69
61 97
20 82
23 35
3 64
70 92
28 40
12 88
60 83
2 7
9 47
6 14
51 73
5 19
5 78
18 51
28 37
16 42
42 100
30 75
47 60
41 95
26 41
17 83
49 50
41 43
59 74
6 91
22 40
35 38
17 75
20 84
46 82
54 98
9 39
67 80
49 87
39 76
32 74
77 96
6 69
8 32
27 78
40 90
38 72
22 34
45 54
56 80
64 82
22 62
28 49
79 100
21 32
26 73
36 47
14 73
34 80
68 70
46 90
19 40
58 61
53 76
33 37
47 58
8 55
32 69
24 49
7 49
91 91
93 98
5 59
8 15
34 57
10 89
67 91
20 64
71 76
2 78
17 18
52 65
4 55
58 68
30 96
12 61
18 72
9 22
60 78
78 100
63 69
62 88
2 79
48 99
53 65
43 53
1 52
27 56
57 93
15 64
46 98
18 20
53 96
43 57
1 63
70 73
32 51
5 12
28 49
58 64
9 61
43 60
85 100
65 66
56 72
32 90
65 66
25 83
61 77
5 46
53 81
47 72
14 68
9 51
32 79
56 89
49 97
72 88
17 33
64 70
9 58
10 60
28 76
10 83
10 95
68 97
61 76
24 71
12 75
19 51
65 78
44 68
2 44
23 87
27 30
33 56
65 83
52 64
13 72
19 86
68 75
33 93
42 94
51 54
2 55
14 92
26 80
9 100
70 87
47 90
17 97
17 66
17 67
69 91
27 60
82 100
45 69
78 99
11 73
59 90
98 99
22 39
16 43
90 100
63 66
73 98
89 91
11 20
41 70
47 69
12 27
4 59
75 96
24 25
13 18
46 95
67 100
11 76
7 95
16 57
16 95
29 72
33 65
78 82
21 95
9 89
10 84
41 62
6 22
39 93
43 83
35 83
62 75
53 82
36 75
56 87
8 32
9 77
37 93
23 58
10 11
19 37
28 32
5 83
17 94
47 51
37 93
58 85
3 56
18 75
29 36
8 98
33 96
66 78
34 45
77 93
33 80
14 31
7 13
16 62
17 52
56 89
17 100
28 100
53 96
7 87
52 84
9 14
38 49
64 74
71 79
33 48
1 51
43 87
83 93
66 92
1 46
36 91
10 30
70 82
48 48
79 80
59 90
49 78
4 44
51 83
23 28
73 93
49 60
48 68
27 61
96 96
7 19
5 49
3 35
24 73
39 57
25 94
36 76
23 25
18 67
19 70
35 49
25 70
12 18
15 51
47 50
16 76
45 90
24 38
43 54
39 90
90 92
36 60
1 6
70 98
21 29
23 83
6 11
21 93
24 36
3 15
36 70
18 93
17 28
79 82
26 100
70 82
31 72
69 95
50 61
63 93
6 90
11 81
33 91
61 86
57 63
6 29
50 85
4 14
23 36
37 80
9 84
62 98
57 68
78 83
22 22
30 48
37 98
10 77
54 63
68 83
26 33
10 73
59 98
78 83
35 40
49 60
77 79
23 48
56 61
61 62
29 73
28 91
1 98
66 90
17 87
90 94
48 71
61 64
16 34
64 93
37 66
1 20
26 31
35 93
57 75
16 58
36 52
77 94
11 77
18 55
21 89
22 58
47 93
8 66
55 75
5 38
29 30
49 53
39 52
63 82
32 39
65 84
20 68
33 35
61 95
35 54
34 35
22 91
37 90
5 18
55 100
2 21
55 76
75 79
23 59
37 40
20 80
43 88
18 24
55 84
20 21
59 73
2 73
40 98
68 80
13 90
56 88
46 81
54 93
30 77
43 83
20 87
16 98
55 63
18 68
7 93
59 73
33 53
3 42
82 89
26 93
7 79
61 86
15 85
26 61
39 76
14 28
6 49
50 82
40 94
19 99
36 72
58 86
21 90
34 83
30 95
10 44
12 29
77 97
27 62
39 79
45 98
8 32
37 79
33 35
16 36
6 74
12 76
50 80
8 73
61 93
77 88
42 60
61 93
56 99
5 99
67 95
31 99
41 78
66 74
70 71
13 43
82 92
32 63
8 49
20 60
4 69
30 35
22 61
42 48
25 46
58 89
22 96
37 44
10 62
10 85
39 66
42 91
83 90
3 72
59 84
6 95
81 83
2 4
50 56
46 82
10 42
6 18
12 67
36 93
27 50
69 77
65 69
3 26
57 73
50 89
7 94
72 83
32 95
1 41
20 75
13 86
90 94
31 89
30 83
47 48
35 72
20 63
57 59
31 100
23 43
7 47
14 96
41 98
10 21
17 58
65 98
1 65
22 65
48 77
7 24
53 100
47 49
18 48
43 88
88 92
28 82
52 80
31 75
14 35
46 63
6 40
35 36
21 37
47 91
17 78
18 19
8 51
51 76
22 26
16 62
59 88
17 17
39 39
20 80
71 93
26 74
44 79
45 58
23 56
2 28
5 87
19 43
52 75
68 99
12 61
6 20
26 56
44 74
58 66
24 29
20 62
41 67
54 89
31 98
55 86
24 38
5 29
59 64
61 95
8 40
31 40
8 8
28 62
88 98
15 81
46 92
3 45
36 100
10 60
59 62
30 48
48 88
80 83
22 86
17 76
28 71
74 78
8 34
5 65
11 24
4 48
64 91
33 95
26 37
8 76
1 88
2 43
25 64
23 72
84 97
23 37
4 89
54 79
4 85
6 15
47 61
6 33
16 68
7 21
54 65
27 79
24 93
13 75
40 50
11 39
32 80
19 80
67 70
37 92
60 85
41 88
78 91
37 76
67 93
77 90
1 45
11 30
3 37
15 85
9 51
10 13
41 94
44 57
49 61
74 98
14 27
4 96
48 69
26 67
48 54
23 95
31 35
43 98
79 88
21 63
21 44
32 59
35 39
6 24
9 18
14 66
57 96
3 87
34 64
73 81
38 54
49 75
4 12
37 95
20 53
2 25
11 54
41 84
50 52
56 66
17 78
4 83
19 20
28 99
55 72
30 57
69 97
5 58
48 63
32 87
60 86
19 43
56 99
9 30
1 78
33 85
4 16
13 64
2 23
22 60
20 44
35 56
11 25
25 54
2 63
47 51
74 91
88 90
30 55
32 91
58 97
57 83
20 35
68 70
66 82
27 82
2 30
46 82
13 94
70 83
74 89
8 28
5 23
14 18
35 86
11 41
27 43
38 74
54 59
15 93
28 77
29 55
11 68
44 96
35 72
10 20
29 72
35 91
13 65
3 28
1 64
65 76
36 63
25 62
4 95
11 51
36 55
5 92
91 97
74 99
3 5
45 71
7 32
28 29
30 60
77 91
55 64
64 100
20 23
59 66
51 80
21 79
49 90
2 81
48 90
29 55
37 92
24 29
43 48
16 61
53 68
26 58
45 93
5 64
28 29
43 76
21 57
39 93
58 69
37 92
13 88
15 29
40 76
10 52
42 94
16 26
62 84
44 64
19 19
22 90
44 70
11 71
7 49
2 27
56 98
51 99
67 84
64 67
74 87
26 77
61 63
2 41
83 100
15 23
23 95
49 79
32 57
23 64
20 30
75 86
27 99
52 68
34 78
37 64
48 59
2 49
32 99
6 38
37 65
22 26
61 85
4 17
72 80
28 40
4 80
23 56
62 93
23 33
77 82
15 31
24 41
21 22
19 74
31 46
45 87
9 82
73 75
78 93
29 65
37 68
51 94
22 70
51 97
32 43
80 97
1 95
80 84
9 27
58 67
29 83
58 100
6 20
20 76
36 49
43 69
42 56
25 91
49 88
91 93
6 16
34 42
52 69
8 22
15 51
5 60
42 71
80 84
1 10
43 75
43 89
12 94
32 87
10 66
7 46
11 96
24 83
3 16
55 85
4 51
16 98
22 99
23 63
1 24
8 62
51 53
15 22
39 55
72 90
36 83
28 70
39 79
18 33
70 93
17 94
5 36
58 72
23 84
34 50
29 45
16 59
29 38
42 97
28 69
37 84
63 68
33 73
33 84
19 46
7 74
30 49
56 83
27 28
48 89
45 92
24 26
48 64
68 74
64 82
20 24
25 27
43 97
30 65
2 77
43 58
22 77
26 83
49 75
15 91
26 93
62 98
26 46
2 38
27 52
7 53
56 82
41 56
16 52
31 85
10 27
41 59
11 14
18 94
17 40
30 39
15 51
45 88
15 44
14 43
28 79
11 76
5 90
15 24
48 56
26 69
64 92
40 71
53 83
35 75
9 79
27 76
56 78
2 51
4 62
17 26
7 33
41 62
24 38
6 60
55 93
42 52
60 74
14 85
6 79
73 91
6 83
74 100
12 59
27 47
34 68
1 94
36 88
30 96
16 88
22 85
31 84
2 19
34 36
43 75
24 96
18 61
13 59
42 45
58 87
38 74
2 74
2 43
44 54
53 59
4 17
34 84
57 78
80 99
45 98
26 61
42 95
12 100
2 20
31 62
10 36
56 99
48 59
8 24
41 84
32 70
1 14
20 29
5 50
21 30
28 44
15 68
3 48
10 78
25 60
25 28
14 28
8 21
16 80
17 57
78 81
11 19
14 94
14 61
24 33
47 71
11 25
48 57
11 26
26 46
56 75
25 37
38 72
28 42
13 39
36 72
38 88
3 8
91 97
49 62
58 76
64 80
55 76
15 52
39 43
2 49
65 91
53 72
20 75
52 74
57 93
36 69
1 13
6 75
24 82
50 60
66 77
28 58
57 69
35 47
14 71
19 66
13 15
5 98
1 32
35 60
7 64
51 71
1 57
27 39
24 43
1 82
87 97
5 93
11 43
15 57
16 70
16 76
38 97
58 74
30 95
4 62
38 98
14 89
17 98
82 88
82 86
65 72
36 71
72 80
87 88
48 95
34 78
28 51
72 81
68 79
22 42
64 85
12 31
20 53
69 85
70 92
34 83
15 88
23 55
12 89
15 49
5 92
44 51
53 68
7 14
1 36
16 60
11 22
38 55
35 95
38 43
73 100
28 37
51 89
6 20
58 80
22 99
70 87
61 83
45 55
82 97
24 58
24 33
12 59
51 89
43 89
25 59
19 55
65 99
69 79
14 47
9 38
13 96
40 61
20 86
92 100
11 43
68 71
17 92
9 35
11 84
71 72
70 97
13 74
17 27
98 100
2 97
56 68
34 68
53 99
1 55
34 66
21 88
53 80
57 58
28 62
22 82
36 64
52 91
39 83
14 98
53 75
18 30
62 78
60 74
49 97
4 58
27 42
7 21
60 78
22 51
13 100
42 51
2 64
12 29
8 75
73 96
2 39
17 54
9 94
3 58
6 48
39 95
61 82
8 59
27 76
72 94
15 94
2 95
8 42
5 26
53 61
43 97
36 58
26 28
72 75
51 78
50 92
24 30
47 96
20 31
52 89
16 96
33 44
20 87
26 32
36 46
75 98
18 77
50 77
43 46
32 36
22 77
28 94
29 76
98 100
34 96
12 73
2 67
26 59
20 51
68 70
4 25
18 93
26 41
13 50
6 9
17 85
11 21
14 98
55 96
69 76
10 32
5 61
4 80
17 26
39 100
94 97
74 83
3 72
37 52
73 96
37 76
23 55
4 94
46 83
69 75
85 94
90 92
26 62
3 17
79 86
23 32
10 95
56 67
13 83
10 60
27 53
97 100
53 77
19 55
29 45
10 41
70 100
22 58
57 99
5 52
37 62
19 62
18 26
8 17
44 95
59 77
63 69
48 65
42 100
66 79
15 93
27 28
1 91
13 30
82 93
22 83
56 93
29 78
57 69
76 82
54 74
25 40
62 87
71 94
4 78
7 71
49 76
77 90
22 54
21 97
23 31
36 53
2 11
67 97
8 23
17 56
51 92
27 57
39 97
39 45
97 98
41 94
18 19
54 62
14 80
28 50
14 88
16 49
87 88
50 97
53 77
28 91
30 62
31 32
3 65
35 42
78 81
28 52
58 75
67 97
33 50
52 63
27 92
28 64
67 81
12 28
10 76
12 92
13 25
25 47
24 92
45 47
36 98
57 77
24 32
81 83
84 96
17 43
8 80
61 64
10 79
3 34
6 97
51 69
31 48
18 65
21 72
3 78
37 66
7 36
24 35
27 80
26 46
72 76
46 95
7 54
32 100
33 37
30 82
32 66
33 84
32 47
5 40
81 89
86 98
49 76
17 67
51 74
4 6
26 51
14 69
16 46
11 89
21 37
22 35
1 11
42 97
38 46
7 57
37 98
66 81
43 50
20 20
48 97
8 21
2 68
19 77
39 80
38 66
29 52
55 92
35 83
49 67
23 96
17 31
5 83
13 39
9 86
54 88
41 99
25 68
2 48
38 98
28 95
12 62
10 16
42 84
21 63
8 41
10 53
42 55
21 32
62 100
55 84
67 77
27 59
32 83
32 77
40 86
59 100
13 47
41 59
28 43
25 84
56 69
5 28
19 61
13 58
78 90
17 24
59 70
10 83
6 50
16 31
45 49
42 58
34 80
12 80
42 72
28 37
76 77
10 31
17 80
50 68
63 81
75 94
31 59
49 70
59 82
32 82
57 73
68 87
19 41
25 86
41 96
54 59
10 56
49 74
73 90
78 93
23 38
26 45
2 49
77 90
5 38
15 15
10 73
35 44
62 64
11 16
2 74
54 77
40 75
12 61
50 66
78 81
61 91
30 51
6 52
44 84
28 56
4 35
56 98
32 87
50 57
43 59
1 35
9 95
52 66
23 39
20 54
23 52
12 29
19 88
11 97
17 44
29 93
5 41
56 72
37 88
52 72
14 37
5 67
49 65
15 76
7 29
14 24
36 99
57 99
9 65
47 66
6 39
33 60
63 83
21 22
15 42
47 99
18 75
13 51
22 78
33 40
19 95
51 60
35 98
17 87
61 79
42 89
59 75
29 35
17 59
37 49
35 81
87 92
13 30
77 88
14 69
32 47
38 48
74 85
13 95
7 45
43 49
19 64
59 98
75 76
15 61
42 89
13 30
40 48
7 17
47 95
28 41
12 36
55 90
76 96
27 57
2 68
36 50
7 70
3 27
48 100
81 82
47 49
81 90
10 36
79 87
17 98
71 100
29 33
9 47
71 76
28 45
21 70
69 90
30 88
13 83
4 12
26 73
64 89
53 74
53 90
30 48
48 89
34 48
2 28
11 21
25 76
30 58
22 90
24 85
52 62
37 57
26 55
29 91
82 92
16 67
6 64
33 35
3 54
45 82
42 54
39 75
10 44
7 26
25 45
24 55
44 48
61 90
23 83
39 78
21 81
3 66
41 67
71 77
17 25
85 87
48 50
34 69
34 50
61 87
18 87
27 67
49 99
28 68
90 95
52 55
8 55
28 86
12 24
30 59
31 61
11 37
67 94
34 43
44 85
9 33
72 90
17 30
56 92
51 60
49 61
58 62
27 95
20 85
17 61
7 37
14 78
9 59
27 100
20 89
65 78
4 15
8 27
38 89
34 94
31 93
11 57
65 66
9 31
35 62
1 73
71 90
83 88
39 57
87 95
12 44
77 93
6 39
24 78
6 25
59 80
75 82
5 29
17 78
8 30
37 75
12 30
51 74
6 39
7 21
19 78
68 88
17 71
42 77
49 59
58 64
31 48
36 40
57 77
26 79
12 26
62 77
12 35
43 89
83 83
19 74
18 99
23 46
15 50
67 70
21 90
12 60
21 48
56 85
14 46
50 85
76 100
9 14
47 63
57 62
43 88
9 75
2 46
13 69
33 69
48 75
7 39
62 95
55 64
28 91
4 52
76 94
9 70
40 48
14 97
34 86
24 77
36 62
11 76
64 73
26 68
10 25
9 54
33 81
78 88
76 79
81 82
25 82
23 48
12 34
5 35
9 14
96 98
39 64
64 90
36 90
49 68
99 100
61 89
1 8
50 93
17 70
64 95
11 33
17 47
88 93
48 68
22 88
69 84
17 41
17 61
42 48
76 90
14 66
18 84
26 28
86 93
8 14
82 94
73 90
13 31
47 81
36 50
6 45
31 59
69 79
57 78
65 72
5 69
70 77
17 60
20 39
64 88
89 100
6 25
21 57
10 61
51 68
66 98
41 81
71 93
7 57
3 89
21 64
31 77
77 92
34 44
10 91
73 90
89 91
4 97
52 82
31 94
9 68
5 28
21 49
7 43
11 55
47 93
14 20
25 49
56 88
51 77
78 88
9 82
57 72
28 86
4 32
31 54
48 90
11 59
27 81
22 65
17 69
27 27
53 64
54 76
8 25
3 31
30 33
12 41
27 69
76 77
49 93
28 60
11 21
25 76
19 52
93 94
29 85
49 83
10 97
38 52
71 71
67 99
14 94
21 37
39 54
90 97
55 58
42 90
16 52
35 39
45 55
14 94
8 24
52 81
39 68
36 51
56 86
70 76
91 100
47 77
11 35
10 56
7 9
63 83
31 54
26 88
15 51
3 79
6 82
28 99
47 90
41 59
15 94
10 62
23 98
13 43
16 73
65 92
95 100
38 80
31 47
27 43
41 75
48 84
57 85
3 71
70 86
23 92
5 42
11 58
42 81
12 74
9 48
20 51
41 42
11 32
8 39
37 96
17 59
17 23
33 34
59 79
83 96
49 79
51 61
34 76
21 23
28 42
16 28
40 48
39 39
39 40
65 92
3 51
57 84
19 71
16 17
32 33
38 42
69 91
42 54
17 88
35 89
94 96
28 31
47 75
2 83
57 79
28 68
24 72
9 19
40 89
76 78
64 66
5 77
94 96
31 56
25 53
6 8
45 68
24 30
17 84
15 61
18 52
6 23
18 88
3 32
19 73
30 40
66 93
22 45
92 96
21 57
72 90
53 54
20 53
41 86
2 56
18 42
47 78
31 42
48 72
10 69
62 77
41 55
11 44
27 30
77 83
33 53
16 30
12 54
67 72
27 65
17 31
42 55
50 66
68 81
2 72
29 94
35 100
56 73
24 45
61 96
15 62
32 93
14 37
44 99
47 49
18 43
56 88
2 46
7 19
3 23
41 92
19 92
50 100
45 45
4 31
25 92
76 100
59 85
22 30
28 35
9 44
24 92
58 88
25 55
20 92
43 74
19 36
42 44
29 55
14 95
46 53
65 73
14 75
7 22
42 71
13 22
29 50
1 64
8 40
62 96
18 53
34 78
32 85
8 83
48 79
3 64
28 38
24 42
50 80
40 80
43 57
28 58
18 58
28 87
22 55
54 83
53 82
16 85
14 19
17 52
46 99
43 51
46 68
12 19
16 74
60 84
30 31
48 81
7 70
1 21
32 40
22 61
55 91
35 79
9 77
42 55
42 67
45 92
26 87
4 21
80 81
75 78
32 69
25 40
35 47
82 90
19 56
65 89
35 82
2 42
36 58
1 68
55 67
16 99
30 88
31 80
33 37
60 74
23 27
9 24
14 32
15 57
3 68
22 78
56 78
66 97
8 18
32 79
16 33
7 88
44 89
30 63
19 51
12 21
17 91
3 28
36 89
13 41
3 16
70 81
10 18
6 77
18 21
33 45
65 90
4 96
36 57
38 71
45 90
7 39
4 30
56 74
33 37
39 70
69 74
41 100
49 67
62 97
14 71
9 14
57 96
22 34
49 88
56 68
38 85
7 11
28 89
32 58
55 88
11 88
17 51
6 26
24 66
57 93
11 89
3 85
15 97
22 61
12 80
4 82
79 89
7 32
8 55
52 74
4 39
10 11
5 19
32 92
60 80
5 69
13 42
17 66
7 27
18 52
7 66
19 73
9 35
90 94
6 30
4 70
17 84
18 72
59 83
2 96
14 18
12 26
47 100
29 96
6 11
25 41
14 64
28 87
83 93
54 65
6 99
35 70
5 64
12 63
28 60
7 57
12 46
66 87
29 59
58 63
33 61
92 94
8 61
51 78
11 86
3 97
40 86
54 72
14 56
18 40
22 48
72 79
11 88
33 58
16 76
25 72
27 56
7 98
8 89
22 72
70 84
48 74
68 89
3 68
36 64
27 95
1 46
46 49
46 64
7 14
29 68
14 44
24 70
49 52
11 60
6 85
19 81
36 88
45 98
14 46
36 64
21 29
47 67
22 40
62 88
25 91
29 34
4 32
14 32
26 42
8 50
31 75
34 52
9 47
24 40
28 89
5 92
43 59
73 85
29 58
34 57
38 71
43 56
37 82
10 55
23 50
82 87
3 14
37 48
7 78
9 66
62 84
11 62
83 83
44 67
16 30
60 64
9 80
12 73
20 21
9 73
62 68
86 94
40 53
1 47
90 99
44 61
4 49
29 94
8 45
7 53
25 45
9 48
82 88
20 40
74 86
68 81
6 30
29 94
6 15
74 97
35 80
40 64
66 88
62 81
72 74
58 97
56 65
32 100
54 88
14 59
26 42
32 42
14 90
7 11
25 59
41 54
18 57
29 30
5 76
56 66
88 100
81 90
24 39
28 50
45 57
45 62
33 80
24 80
15 63
34 82
9 19
7 32
72 87
17 58
34 96
51 83
93 96
29 93
6 100
78 89
7 49
8 91
59 83
7 38
41 77
28 48
79 93
22 42
14 84
19 78
24 44
46 89
64 79
36 87
63 100
58 83
10 23
15 70
73 82
61 68
81 86
14 23
17 61
27 61
2 82
3 32
36 67
24 42
67 71
4 49
82 85
21 53
7 45
61 62
64 88
68 80
17 31
34 95
59 100
42 45
45 59
3 9
2 82
31 36
5 91
36 93
36 99
4 13
10 61
26 80
8 73
42 88
12 72
38 43
37 76
37 53
16 82
13 97
28 46
82 82
41 59
3 90
74 80
48 86
32 63
3 43
51 89
21 21
22 23
2 47
27 82
18 82
6 57
42 49
16 87
6 44
68 73
50 74
54 77
20 43
34 93
45 99
52 68
57 78
1 21
14 74
13 43
70 78
34 81
11 88
5 72
13 91
24 51
71 80
68 77
80 80
10 17
20 46
73 94
26 83
9 28
8 88
28 97
8 35
42 70
10 25
8 90
56 74
6 54
33 42
75 84
24 71
30 64
23 48
20 96
1 99
71 85
5 9
28 89
27 29
66 86
22 32
21 37
63 97
32 82
50 71
82 89
79 80
45 81
43 87
51 96
6 23
15 58
61 98
46 78
84 93
22 52
6 84
40 68
8 58
40 72
37 86
54 95
61 78
37 47
5 19
67 73
60 87
98 100
2 65
51 65
30 59
13 26
44 95
43 49
18 59
19 49
34 63
71 85
3 89
30 60
39 86
29 36
74 78
4 62
38 53
17 94
55 76
40 41
50 71
55 96
27 41
63 64
9 70
20 77
84 93
92 96
1 61
27 52
30 38
3 76
1 1
34 96
61 91
36 43
54 73
59 76
11 95
44 92
43 63
78 96
1 99
18 37
44 66
31 61
81 97
7 21
23 86
90 97
4 23
61 67
10 36
52 67
16 88
15 33
4 95
7 88
24 44
77 88
27 52
14 36
16 38
51 59
36 48
44 85
58 61
22 57
40 68
50 54
21 94
20 21
72 74
48 81
6 75
52 86
56 97
19 21
10 40
72 88
29 65
12 95
5 40
10 90
58 84
2 25
13 27
5 19
84 88
42 78
23 88
60 78
11 82
29 55
62 98
27 71
68 85
32 98
21 63
16 16
76 97
21 70
5 12
52 82
1 10
48 83
43 99
55 77
57 67
3 87
31 97
78 99
74 76
5 77
7 30
3 40
73 91
88 95
78 98
68 99
3 43
46 58
15 26
30 96
25 72
41 62
52 57
38 43
38 91
42 68
17 77
21 89
70 100
66 85
45 78
9 32
60 85
11 92
9 42
59 90
20 58
49 62
31 49
17 61
50 53
42 60
4 73
11 25
44 64
92 99
11 13
9 86
44 74
33 33
3 59
1 41
18 43
19 43
56 67
25 45
26 79
21 71
18 44
66 86
1 14
74 93
19 41
4 5
45 79
74 83
42 73
31 81
39 94
58 100
51 84
22 81
3 5
19 90
11 25
13 73
19 67
20 44
17 32
16 39
1 46
74 80
32 77
24 69
14 18
29 75
14 57
48 70
26 61
94 100
52 72
3 75
55 89
11 29
6 64
49 87
54 70
24 57
64 87
41 88
25 66
26 50
60 75
13 44
32 93
5 53
45 62
31 32
33 50
4 40
15 30
42 92
59 63
34 65
19 25
27 79
4 13
63 93
83 92
14 70
49 56
34 87
18 23
36 57
16 72
60 84
36 96
64 84
36 43
43 77
36 49
2 47
16 19
51 88
25 56
39 73
70 77
6 28
33 38
69 94
49 86
7 74
4 93
30 79
46 85
86 88
9 20
79 94
63 90
26 94
6 25
28 29
9 55
79 82
27 86
5 91
20 95
14 89
17 22
48 86
3 21
39 51
51 67
2 31
22 89
55 82
55 80
54 66
68 77
12 64
9 49
45 86
23 60
66 75
55 81
33 78
24 82
11 51
2 18
35 89
3 22
6 80
2 39
39 40
43 83
44 65
4 62
39 88
85 95
23 89
72 72
16 66
37 78
29 58
28 90
46 89
25 96
1 90
17 87
50 83
16 79
12 21
20 52
23 100
18 43
31 62
7 25
8 38
7 79
73 98
11 39
37 89
67 69
44 81
42 84
3 10
10 77
60 67
71 74
41 60
31 52
2 72
9 45
94 96
19 93
71 87
15 59
22 23
41 72
4 26
22 26
4 54
60 87
1 76
62 85
93 97
15 72
34 48
6 20
41 96
7 17
31 69
5 45
30 37
41 48
94 99
27 43
18 22
42 70
41 56
19 32
28 54
14 94
80 97
15 89
69 86
28 31
31 99
30 97
38 84
54 77
54 98
38 46
7 59
32 83
29 60
27 45
27 37
16 68
48 59
10 35
22 68
17 75
8 91
40 97
11 90
4 67
25 48
11 69
20 63
1 96
38 88
60 73
77 88
45 49
33 38
44 75
27 32
23 27
87 95
41 43
24 98
23 86
62 86
52 80
28 53
34 69
5 86
21 72
44 85
53 63
3 24
64 93
27 61
10 51
16 23
41 83
68 97
61 74
15 43
91 96
1 71
12 51
48 50
41 43
8 59
14 95
33 83
16 84
12 13
22 37
40 40
42 47
24 94
57 69
54 98
88 89
39 58
56 71
46 89
91 92
24 90
77 79
33 73
52 93
26 78
11 85
12 80
49 51
10 74
17 40
21 51
72 77
79 92
35 58
20 77
5 100
53 66
48 85
53 75
29 90
58 83
15 65
26 39
12 54
19 84
8 50
20 21
8 70
9 25
78 95
11 54
17 33
23 39
38 59
48 66
6 29
74 80
67 99
46 76
5 8
22 73
50 59
13 85
10 83
11 31
7 76
69 90
36 43
33 37
71 87
98 98
49 61
23 62
19 73
8 80
61 75
10 23
14 47
18 65
23 71
30 42
13 86
76 86
77 99
26 36
42 94
39 52
2 19
43 74
15 60
11 57
50 76
55 82
16 96
9 10
54 60
32 88
41 73
69 96
14 32
4 86
7 60
59 98
56 87
92 98
11 32
2 48
57 93
47 81
4 27
55 67
35 82
32 65
6 79
63 98
21 28
71 79
78 91
72 86
22 51
33 78
47 97
78 100
41 99
53 88
72 88
61 93
61 96
58 91
19 47
22 59
7 15
25 91
36 88
31 81
28 43
50 64
5 65
12 35
50 51
15 39
43 59
57 97
53 68
51 79
69 70
92 95
5 12
38 64
7 65
18 61
10 73
74 77
18 27
64 79
19 54
11 100
2 7
77 82
13 91
43 59
57 78
33 47
25 65
14 84
6 22
14 82
5 15
55 94
16 52
54 93
66 84
52 81
37 98
57 76
46 98
66 69
23 50
43 53
19 52
6 20
16 93
9 91
25 80
56 84
16 68
48 66
40 59
31 73
71 95
10 13
23 72
46 97
56 84
52 88
25 52
21 58
98 100
13 39
78 85
34 71
43 58
7 67
63 79
26 56
40 99
29 76
23 45
15 16
71 89
23 82
64 78
12 19
50 84
11 50
10 88
29 70
47 83
12 36
41 87
51 100
16 46
20 71
52 98
14 31
21 42
74 94
48 59
42 66
59 67
69 81
61 69
13 16
22 72
10 75
73 88
86 93
21 72
41 60
15 97
50 57
9 60
44 88
68 78
3 60
39 98
90 100
11 65
12 50
76 93
36 59
19 64
29 76
70 97
37 77
31 80
16 17
67 68
47 98
12 54
18 28
35 58
32 58
24 91
14 30
12 68
16 59
27 65
57 58
8 89
5 12
13 29
53 70
10 75
56 82
27 41
26 98
10 84
27 83
10 35
30 68
38 77
9 62
2 85
15 68
34 64
17 43
35 44
98 100
33 80
22 68
16 37
52 91
19 90
3 44
25 97
42 45
30 76
1 12
79 88
45 54
35 72
54 61
25 80
92 96
26 82
61 61
34 45
34 37
40 78
21 23
71 77
32 49
19 43
4 44
36 70
36 60
48 74
63 69
12 83
64 96
46 48
49 64
24 82
4 29
24 57
3 37
93 95
20 85
6 9
78 91
20 94
61 80
2 49
10 87
44 60
22 28
14 52
28 54
32 46
86 98
8 30
69 72
24 77
29 77
2 66
43 51
11 68
36 89
4 63
9 50
30 64
37 41
18 91
54 92
55 93
33 51
18 97
51 51
41 93
32 48
25 97
69 96
26 71
12 83
30 65
55 55
12 37
33 34
3 9
44 47
14 45
57 93
30 46
58 81
86 98
40 43
43 46
19 81
31 35
50 72
45 88
16 27
25 71
47 51
24 46
24 85
14 38
11 12
51 53
21 39
32 63
55 82
5 21
58 92
26 100
19 51
92 94
71 82
47 90
7 66
36 80
22 82
13 19
80 85
62 65
30 85
47 79
19 87
86 88
3 17
39 91
22 34
84 87
14 97
65 78
46 49
72 72
19 23
40 66
38 84
5 6
50 67
13 57
26 100
46 61
3 74
56 84
11 81
7 72
16 20
9 38
46 93
8 79
23 45
19 95
67 95
28 79
6 23
38 69
59 80
14 100
22 100
40 85
63 76
32 75
49 68
46 73
35 56
39 42
67 95
14 83
19 100
27 91
28 54
88 98
92 97
94 96
55 87
85 93
9 9
40 98
29 74
14 68
67 68
54 66
67 78
68 73
79 86
19 74
61 65
21 26
86 88
88 90
26 100
31 96
38 84
42 90
46 69
30 60
50 98
28 68
10 100
29 55
39 79
93 93
4 49
24 43
22 41
5 38
51 62
33 45
62 99
46 89
1 94
53 93
15 17
21 62
92 100
26 64
6 64
17 70
58 80
7 23
53 93
7 96
89 93
22 91
3 36
32 40
43 72
74 83
15 30
32 73
27 88
54 88
36 98
26 43
93 99
61 91
28 95
71 96
66 78
87 96
16 75
29 100
4 90
14 30
30 77
55 69
17 97
60 73
52 66
52 86
20 32
37 82
62 75
54 84
44 87
40 98
28 29
9 62
71 77
86 92
9 31
60 71
1 65
18 52
13 55
58 62
42 91
27 75
8 72
45 48
92 92
31 60
11 18
64 92
34 86
29 47
37 70
15 76
8 76
21 73
1 2
48 55
19 96
8 25
24 89
63 96
49 56
25 71
11 74
76 79
26 31
66 91
35 66
33 83
9 38
57 61
19 77
9 31
26 76
35 59
33 82
23 72
52 93
34 79
50 100
61 99
29 40
35 79
54 75
1 48
84 98
54 75
43 63
42 64
7 95
1 23
28 98
18 59
30 69
5 29
17 74
3 61
35 78
54 93
59 84
12 28
3 68
26 79
72 96
17 49
44 92
52 97
75 95
21 77
80 87
26 74
17 92
16 52
42 91
32 54
5 100
41 90
28 75
68 92
5 96
53 89
2 53
7 8
33 96
15 61
32 68
9 32
52 55
10 33
3 38
51 95
27 56
6 51
2 85
40 51
27 32
52 83
12 28
51 74
44 80
53 59
19 51
62 93
61 90
94 97
21 82
33 93
12 52
4 73
16 93
44 67
46 96
1 5
41 84
59 96
10 74
5 96
75 76
28 68
35 83
5 6
10 76
15 71
8 22
11 99
75 82
32 74
33 61
10 37
1 80
33 74
54 66
1 41
51 97
47 96
13 69
8 29
65 88
29 76
11 65
11 20
85 89
44 79
77 100
22 54
8 71
9 82
27 78
22 35
23 41
13 22
55 91
55 93
10 10
16 71
14 17
93 98
45 82
56 67
49 100
73 79
47 69
51 88
11 50
25 58
28 44
7 46
35 53
3 79
45 87
87 97
27 57
83 89
15 70
40 78
32 55
51 75
12 14
44 65
13 92
21 78
59 72
14 75
47 63
31 45
24 34
8 33
37 43
23 95
44 84
48 100
74 77
2 54
12 52
40 77
32 58
16 80
15 79
27 60
22 38
11 70
53 100
35 70
26 39
12 83
7 13
21 54
15 27
12 47
48 62
10 96
17 31
42 65
80 98
83 92
40 66
42 64
68 81
8 37
28 88
43 71
82 93
3 76
65 81
5 25
34 90
53 61
13 37
3 19
37 54
5 48
48 85
27 40
24 61
58 95
8 91
73 89
27 66
3 92
21 60
62 84
27 100
27 99
77 80
69 69
45 60
20 53
36 65
4 24
25 95
52 75
47 67
61 71
13 42
33 53
4 36
20 100
27 36
8 16
30 47
43 93
37 75
15 97
22 90
23 65
10 91
6 55
63 82
45 55
34 87
21 90
10 61
25 77
11 31
26 35
19 86
83 83
48 65
66 77
45 83
45 78
17 94
5 25
35 67
57 60
56 84
16 24
32 36
38 67
36 95
34 35
40 99
17 48
51 80
20 86
18 34
4 64
18 28
24 39
21 99
83 84
28 64
27 72
37 86
5 56
51 86
47 86
16 26
5 93
43 80
22 89
18 34
22 24
58 62
82 100
4 17
3 20
21 31
27 29
78 90
69 72
16 25
51 83
34 93
33 77
76 83
74 84
42 45
33 78
77 96
75 79
26 96
1 63
75 83
21 35
59 71
77 94
48 86
25 61
84 94
4 28
25 58
55 67
6 66
6 45
28 83
13 58
47 53
48 94
73 86
54 83
22 64
46 97
41 84
35 93
31 99
30 89
17 85
39 65
17 42
34 59
3 53
85 100
56 61
17 60
12 83
3 74
68 91
5 81
53 99
4 38
55 62
20 24
12 27
60 83
9 97
54 92
4 42
30 32
3 21
37 56
39 90
67 94
31 73
10 42
37 99
7 55
18 88
55 92
6 65
11 71
22 27
24 62
39 89
7 62
64 66
21 29
65 85
70 96
14 40
45 97
72 91
23 96
13 50
62 88
71 78
28 57
42 70
35 76
89 91
13 70
8 66
59 61
40 99
37 44
39 42
58 92
17 75
29 51
26 99
31 49
18 75
39 92
79 80
34 86
60 86
23 99
1 70
57 89
42 68
14 33
28 32
52 64
65 82
45 53
21 51
70 70
40 100
35 40
14 55
11 92
72 85
48 56
37 69
10 89
32 58
3 97
3 9
26 83
52 74
93 97
48 95
39 70
89 92
5 11
25 83
35 42
73 83
66 81
52 72
32 71
10 53
7 77
31 37
60 97
42 73
3 21
45 51
58 97
64 67
62 83
84 100
38 53
72 76
1 77
23 67
4 39
22 63
9 73
36 88
7 18
68 71
88 95
28 62
9 56
68 81
32 100
32 41
9 48
81 96
65 74
49 56
13 89
27 71
6 27
18 49
2 60
42 70
34 92
18 23
83 91
14 42
35 68
10 93
69 85
32 87
21 59
77 87
21 37
15 66
33 96
13 54
11 94
16 91
12 24
26 66
33 95
20 97
64 72
32 83
5 16
48 57
52 54
11 16
61 72
53 83
7 39
78 82
45 60
65 99
26 42
10 87
1 100
35 67
7 8
38 53
16 74
61 86
58 68
16 84
35 79
18 90
11 78
23 36
12 33
67 68
83 91
69 74
8 85
35 92
26 91
9 42
7 72
35 57
18 83
3 14
43 75
31 51
20 81
94 99
80 84
38 44
22 73
27 89
44 75
40 87
49 55
6 41
64 76
35 86
7 84
26 87
2 79
59 81
12 21
64 83
14 48
19 71
32 48
23 98
79 92
34 78
18 59
58 69
75 94
12 45
75 93
35 52
52 82
26 77
62 84
68 85
86 98
54 69
53 57
92 99
87 99
48 49
10 51
10 92
77 78
27 51
57 70
4 17
92 97
86 95
50 72
78 86
82 85
32 33
60 79
8 64
46 91
12 96
81 84
81 85
3 45
45 78
60 98
28 52
3 77
40 53
31 64
49 92
6 75
85 89
14 40
6 23
27 90
16 100
2 8
24 60
51 82
41 88
45 67
12 67
63 79
2 27
96 99
20 49
53 77
18 75
25 44
8 15
74 94
60 72
41 65
81 98
15 32
76 91
26 83
54 63
8 94
52 64
25 86
27 77
49 50
15 89
1 7
29 32
52 88
41 82
40 85
35 96
55 56
10 62
52 66
32 39
28 72
91 92
66 80
5 88
48 89
13 30
17 81
2 84
19 34
28 79
12 27
43 52
38 59
48 60
10 12
88 100
42 48
44 45
10 29
46 63
57 60
70 90
26 69
52 83
4 93
26 73
22 61
73 77
28 77
2 61
82 95
12 89
37 81
10 11
50 56
54 59
54 72
13 42
32 88
61 92
18 28
23 62
41 100
40 88
20 87
21 22
13 14
18 63
51 76
29 47
9 49
69 90
18 70
42 92
44 58
11 83
67 92
32 50
30 82
11 49
16 72
25 77
10 70
43 84
17 39
77 80
39 56
34 88
47 51
44 73
59 66
7 41
5 83
37 86
4 93
54 77
42 100
11 18
43 85
40 77
9 66
16 59
14 69
16 54
40 83
61 96
34 37
8 76
43 96
57 76
41 83
57 94
5 58
6 20
96 99
19 78
38 46
50 85
25 75
10 47
38 89
75 98
42 92
44 46
70 97
15 99
9 49
28 69
38 95
14 46
10 54
19 84
18 80
9 84
88 91
69 83
1 6
12 79
12 76
27 48
46 89
28 90
27 49
28 41
56 90
69 86
13 42
55 71
9 73
25 52
21 99
57 61
70 96
18 34
34 86
56 89
20 35
10 12
47 88
13 45
23 31
16 100
91 99
15 98
48 82
5 93
6 29
54 81
12 51
6 73
37 86
24 61
13 48
74 90
7 32
28 78
36 85
6 87
43 86
22 64
50 62
18 96
60 87
7 91
63 88
29 82
2 32
80 92
48 100
34 81
78 92
12 37
62 86
6 97
16 22
67 68
46 55
36 54
1 56
10 40
49 99
22 65
54 87
68 94
15 41
52 98
3 61
2 36
39 58
63 100
64 93
74 99
58 60
34 99
28 31
3 15
32 60
35 88
38 99
54 91
43 79
36 98
1 35
19 87
10 15
24 99
15 59
2 79
11 81
41 42
4 40
24 96
6 21
76 94
6 13
38 83
71 83
34 98
40 54
26 62
57 90
9 37
17 61
54 65
5 16
8 93
71 77
5 40
48 95
41 97
48 54
48 70
5 39
22 100
40 81
64 86
14 85
80 98
15 96
45 50
35 40
20 97
21 90
44 77
3 71
15 34
68 92
41 49
6 78
62 69
46 96
88 89
15 68
4 7
16 60
8 21
41 83
4 51
7 73
85 91
36 39
17 53
29 71
9 93
15 71
25 52
24 57
42 86
81 100
72 79
79 83
35 88
14 35
19 67
17 30
21 93
10 94
45 68
27 77
72 73
86 97
9 39
15 20
64 73
15 25
6 7
9 87
19 96
8 88
48 56
10 88
77 92
24 69
17 75
28 29
59 83
6 82
40 96
35 60
10 44
44 86
14 77
85 98
3 71
44 67
40 78
8 48
63 66
19 45
38 99
57 82
29 89
72 100
69 98
67 73
17 53
27 81
9 88
22 34
4 74
7 77
23 92
25 69
7 15
53 81
68 77
57 60
65 92
48 89
50 94
7 30
18 80
28 87
59 84
1 45
77 95
18 81
72 95
51 81
75 91
19 91
19 88
68 92
50 74
35 61
12 32
12 12
59 66
57 94
22 58
9 10
9 99
14 51
24 43
36 90
81 92
77 77
30 32
19 100
37 59
31 91
52 85
51 79
10 58
36 39
31 33
13 81
68 95
6 97
55 94
3 79
26 74
2 34
17 27
74 76
4 8
17 89
58 82
14 64
7 95
19 54
10 26
12 48
39 58
26 37
48 79
49 96
12 16
36 87
46 63
4 17
44 56
2 95
5 69
12 59
18 86
30 81
10 82
14 86
44 76
34 38
7 86
60 65
6 31
56 76
23 77
21 88
25 72
68 72
8 54
5 24
41 55
19 99
25 78
3 90
95 97
30 63
23 76
25 58
80 83
66 87
86 86
29 71
80 80
2 18
3 97
5 32
7 25
13 84
7 95
15 45
24 47
28 57
36 48
30 63
69 85
58 62
28 57
48 71
51 77
2 34
44 75
80 82
5 47
60 70
3 43
8 19
64 80
29 61
10 17
47 48
8 74
24 97
29 43
10 19
16 63
48 92
19 40
24 76
1 7
72 88
12 99
35 54
67 79
22 52
32 80
44 87
16 73
70 70
24 79
50 50
10 12
47 79
74 77
72 90
53 65
38 41
62 69
92 98
68 99
31 34
28 90
22 53
12 76
13 24
13 49
18 40
21 62
50 61
71 71
3 15
32 83
27 40
3 77
44 96
9 81
20 72
17 19
28 36
31 47
54 74
71 86
11 45
46 62
14 54
49 88
1 52
49 64
4 56
2 14
49 91
14 87
70 88
5 88
1 84
3 97
7 44
66 82
26 56
61 74
8 59
25 98
31 81
19 30
35 52
12 58
65 88
70 78
35 89
33 42
47 85
28 78
3 48
5 10
45 93
9 17
52 99
32 37
7 84
39 74
5 21
2 79
14 40
17 75
11 99
82 85
26 31
8 27
47 70
52 86
11 100
5 16
45 87
39 86
83 96
15 94
20 97
39 45
30 44
17 41
2 72
73 98
30 97
19 82
25 31
51 83
5 77
85 94
40 79
24 47
57 97
18 26
23 82
25 64
41 62
50 54
20 59
18 19
24 39
55 87
65 83
29 88
75 80
69 91
56 64
18 93
22 46
2 95
48 66
36 55
20 97
3 56
52 88
12 17
28 82
18 40
54 85
81 87
6 31
62 89
54 85
43 71
9 26
93 94
1 2
56 64
39 99
9 100
18 42
51 71
30 100
81 97
17 85
65 86
57 70
32 46
43 46
21 62
42 84
57 91
23 56
10 38
47 97
25 73
4 10
23 72
42 65
48 100
37 97
43 85
7 17
19 59
39 53
15 29
52 62
3 58
13 87
32 70
68 100
12 98
36 61
15 50
28 36
31 40
58 86
80 99
18 69
5 33
7 88
89 99
17 37
8 20
8 16
7 67
40 96
52 55
37 62
19 90
29 88
77 91
70 84
39 59
38 71
18 97
14 77
80 97
9 73
90 96
22 32
19 48
87 89
13 84
54 92
18 38
22 28
38 97
69 85
35 55
97 98
22 46
29 29
20 27
34 89
18 98
3 57
51 59
56 61
75 84
28 80
1 4
5 63
16 66
10 80
43 85
29 38
19 90
4 21
32 34
15 47
1 88
2 87
54 97
34 52
10 97
66 77
48 56
52 86
53 59
57 78
57 64
20 57
48 67
12 64
63 78
46 76
5 47
28 82
56 98
35 84
28 72
23 43
85 91
34 63
20 79
52 79
3 29
24 92
33 43
21 69
41 57
27 81
23 32
65 79
58 69
24 98
52 91
27 78
13 75
1 13
20 89
76 96
3 33
55 97
29 88
70 76
83 93
19 96
31 76
57 83
85 95
5 17
29 84
30 88
6 27
6 52
39 74
14 83
79 99
19 84
59 72
32 63
32 98
40 42
21 30
53 77
8 52
20 59
75 94
22 100
98 100
23 96
25 57
37 86
74 76
37 78
21 27
3 58
55 80
38 44
24 27
2 46
43 74
62 85
33 94
48 49
15 37
13 71
2 70
11 50
59 91
18 36
14 94
11 80
48 70
27 78
59 100
45 70
6 92
41 42
13 73
17 76
39 76
3 66
21 52
16 81
24 80
25 93
26 49
35 36
61 86
31 59
40 47
11 20
15 85
12 98
15 57
2 5
3 100
57 59
44 72
19 32
21 42
23 72
25 47
60 61
52 59
58 66
41 73
3 10
4 100
69 72
43 86
3 64
52 91
16 59
41 89
3 48
14 82
11 25
13 41
16 71
13 56
53 95
46 72
23 58
3 24
1 34
40 91
24 99
6 71
27 90
19 20
4 42
15 60
21 56
3 13
47 72
3 15
41 73
22 44
34 99
15 51
43 51
52 71
13 64
30 68
44 57
19 61
43 89
17 40
14 61
32 91
4 90
80 92
75 91
25 50
1 71
57 69
42 64
73 83
11 96
33 50
28 93
54 82
6 46
36 94
98 100
54 72
40 42
20 48
58 72
90 90
32 43
70 80
56 66
1 33
29 66
5 22
33 100
23 33
33 38
81 97
62 90
9 10
44 56
5 19
28 95
9 48
21 74
7 20
40 81
43 94
17 44
50 96
25 95
1 47
47 53
49 82
10 97
5 85
8 72
52 57
5 9
10 19
8 27
65 68
50 72
3 43
41 53
10 55
10 57
32 57
21 92
93 94
44 73
12 61
9 14
16 70
84 100
10 16
29 60
35 61
18 92
18 70
29 57
1 94
25 89
3 78
49 83
28 75
12 57
59 76
90 92
84 85
4 81
26 51
8 71
59 85
13 55
19 43
38 61
85 97
64 77
4 90
26 49
39 52
28 90
25 60
64 98
1 32
79 98
8 74
64 97
15 21
50 83
71 94
9 76
30 34
18 85
61 81
4 73
2 71
8 63
52 84
35 70
1 76
16 53
31 49
15 79
7 76
27 98
4 71
6 40
61 80
67 98
41 46
45 81
9 45
39 43
69 87
53 80
4 17
62 73
15 22
15 59
20 56
38 78
50 59
8 54
26 54
50 85
36 44
55 55
46 88
51 96
11 29
43 97
42 88
4 86
4 76
14 73
76 87
12 90
18 89
74 84
82 87
4 97
6 46
36 38
63 97
16 79
27 29
24 43
63 74
57 97
7 56
32 71
33 38
44 78
14 67
27 38
8 88
58 68
7 82
22 83
14 74
53 68
7 70
21 27
12 98
28 100
11 38
22 90
30 65
35 63
54 98
29 41
12 21
32 91
1 78
88 100
75 79
31 85
32 39
38 39
3 29
60 99
19 89
27 99
40 72
52 64
15 89
50 85
8 30
33 91
79 95
20 40
68 82
38 49
50 93
49 73
65 98
1 41
22 70
14 51
56 86
38 51
11 88
63 95
1 36
66 72
61 79
49 86
35 98
92 93
42 88
20 33
10 67
16 72
40 77
43 98
86 91
70 81
4 7
43 60
58 66
3 48
26 53
27 98
36 75
87 91
71 97
6 98
1 3
10 83
36 85
7 41
24 82
54 83
50 76
16 33
25 76
34 59
26 32
62 79
10 35
82 84
27 40
26 89
53 92
37 70
46 50
33 62
23 86
10 67
60 90
52 80
5 99
8 18
6 90
17 23
21 36
14 22
11 65
42 94
4 33
11 80
56 91
19 87
15 36
21 45
4 58
75 87
23 82
42 51
38 69
72 91
21 96
13 73
57 71
48 73
23 31
8 9
9 76
68 72
34 48
4 10
22 86
72 95
13 93
48 94
45 83
57 77
4 13
29 35
33 55
51 75
79 81
1 75
7 36
63 90
36 87
66 91
10 70
88 90
27 59
74 92
14 44
39 46
8 37
53 57
15 76
8 66
81 97
9 83
1 38
10 55
74 86
55 58
3 21
46 80
48 88
33 52
71 97
69 87
24 57
13 34
48 96
5 10
17 55
2 69
27 67
6 83
83 99
25 38
42 97
51 80
18 97
13 92
26 46
15 72
17 95
25 37
58 100
38 53
31 67
23 59
13 49
62 93
11 31
14 96
7 48
42 83
6 27
34 81
34 52
29 87
31 93
1 90
4 54
33 89
13 97
32 98
51 65
48 95
14 97
18 53
72 80
8 89
49 56
23 46
16 79
24 27
17 65
1 11
72 87
76 96
25 68
39 69
32 91
6 28
68 100
4 27
24 34
14 37
23 60
88 98
31 47
23 42
29 93
64 94
22 68
78 90
18 52
5 84
7 83
59 65
6 36
32 96
28 36
17 52
29 98
18 56
5 50
4 53
7 28
63 70
50 73
14 90
11 53
97 98
32 92
21 78
41 45
33 87
17 42
81 88
7 49
47 88
18 25
7 63
38 59
78 92
49 86
14 88
8 90
20 34
26 88
42 81
36 62
6 89
20 54
48 85
34 81
39 87
13 87
2 55
18 92
78 95
57 73
10 96
34 76
28 82
27 93
53 89
36 69
10 20
67 70
1 80
32 38
73 93
10 93
54 67
9 34
3 47
26 92
19 34
52 84
18 88
58 60
16 33
9 84
51 53
4 80
23 81
27 86
1 14
63 93
23 50
1 98
13 92
56 99
1 2
36 91
25 98
36 70
12 91
25 47
18 31
68 96
11 72
12 54
38 90
57 89
42 52
5 22
2 25
43 73
24 26
49 78
45 90
29 44
56 88
42 72
29 35
30 75
40 97
30 65
19 44
12 45
35 94
44 98
57 91
17 96
3 99
60 83
9 28
77 99
46 98
20 95
7 42
16 78
13 64
14 67
22 42
61 87
27 97
40 68
40 44
70 73
49 82
12 29
41 74
61 85
51 70
25 44
33 67
10 25
12 27
52 86
18 55
69 70
14 40
44 62
65 97
49 81
52 70
37 55
8 10
22 65
51 52
60 97
16 42
66 71
74 92
61 63
62 69
24 81
80 88
35 93
22 84
30 91
31 80
54 82
20 22
39 100
51 60
24 97
15 20
4 75
7 57
43 77
28 61
57 68
70 96
26 60
11 71
33 41
28 58
25 72
66 76
33 91
20 32
49 73
48 58
71 96
4 27
31 43
39 91
36 90
2 99
26 68
13 30
9 69
19 21
73 90
12 15
34 61
24 45
14 23
51 61
64 65
9 90
66 78
9 41
66 88
3 27
14 20
79 92
68 98
19 93
48 57
83 100
34 86
4 17
5 85
25 87
60 61
11 41
39 80
42 63
14 90
41 91
4 24
11 44
8 54
5 82
46 50
57 100
76 87
32 51
67 100
36 82
37 66
6 38
9 46
37 68
15 40
34 48
23 32
29 32
78 79
75 96
1 2
16 18
23 28
14 41
29 33
62 77
3 97
35 96
55 66
37 45
11 72
2 71
24 50
52 64
12 33
48 58
19 25
54 95
97 97
34 66
72 98
14 78
67 85
37 54
23 74
9 55
12 51
83 97
63 83
75 95
19 61
11 15
19 96
22 65
29 75
15 92
86 98
59 79
13 65
44 61
27 91
14 30
51 52
8 15
32 90
20 47
50 56
62 92
9 94
67 76
82 95
24 56
91 98
14 74
62 91
65 68
21 85
23 54
80 89
21 89
4 83
56 69
32 38
2 41
13 29
20 98
42 71
41 42
5 76
13 80
13 43
34 61
49 62
55 75
19 84
28 43
6 12
25 47
11 15
57 70
13 46
26 82
7 8
79 98
53 95
57 65
17 44
25 96
10 34
35 55
14 43
59 100
40 53
66 99
30 78
44 94
40 46
6 82
41 63
18 35
37 43
8 61
23 62
81 89
11 42
20 78
41 78
70 82
16 75
21 93
24 75
4 74
12 47
13 46
67 82
71 91
76 90
22 39
62 99
1 11
65 93
19 64
4 7
45 98
92 92
13 60
10 44
41 61
92 96
51 54
8 67
12 84
36 41
83 95
9 96
79 98
36 87
27 98
24 75
42 88
57 71
69 84
67 81
2 4
12 100
15 96
20 99
18 53
58 78
1 80
7 58
28 84
58 91
39 85
22 87
12 37
67 69
49 98
32 37
39 71
69 90
49 52
31 90
25 85
74 82
76 98
5 50
8 13
52 83
38 94
42 90
14 29
68 99
32 68
28 40
20 81
43 50
23 50
12 31
33 38
59 81
66 80
37 74
57 90
75 90
28 81
19 70
42 44
14 99
2 82
8 98
19 95
17 99
61 86
76 82
55 60
72 90
21 44
22 44
1 59
50 72
11 25
71 86
65 99
10 77
23 73
15 93
53 80
11 55
22 37
16 17
16 38
21 91
11 82
49 51
22 98
31 84
9 15
5 70
78 85
8 11
11 29
41 56
10 13
5 69
40 84
13 40
82 100
21 27
21 37
38 50
18 21
73 90
7 55
32 63
30 41
21 85
10 89
51 87
39 41
21 91
5 67
24 100
7 96
68 74
4 44
11 65
66 80
30 93
57 59
22 45
6 100
68 71
74 89
45 57
67 71
62 85
32 90
86 90
11 61
88 95
70 87
84 84
10 83
43 98
50 63
28 82
1 47
41 94
45 87
24 31
42 55
27 84
34 63
29 73
32 84
28 65
55 67
8 95
80 88
13 38
43 55
13 87
4 78
14 28
16 59
11 76
43 66
22 50
34 90
55 95
1 39
72 75
74 81
9 87
30 43
1 89
43 98
7 56
21 85
87 95
25 34
78 93
29 44
65 79
19 84
59 96
1 72
15 100
61 100
71 86
42 51
32 82
1 50
23 54
64 77
13 90
25 70
3 63
7 60
49 58
21 88
92 100
14 52
24 70
44 57
2 83
6 42
17 31
52 77
15 91
4 40
23 98
27 97
56 86
78 97
33 71
13 56
61 68
33 85
45 59
6 29
9 68
50 97
59 62
11 21
17 32
70 89
48 85
12 15
53 56
45 99
59 62
18 84
67 97
96 97
68 99
1 27
55 62
93 96
1 85
20 82
33 37
41 98
14 99
8 79
60 72
58 85
1 82
24 59
3 38
61 78
16 44
5 57
59 70
59 62
13 85
52 81
6 76
31 43
1 27
31 74
29 63
30 65
67 97
2 39
17 46
8 24
78 90
78 80
49 80
6 83
60 74
16 48
2 76
78 93
47 92
38 89
18 93
6 45
8 49
80 83
20 46
86 93
52 90
21 82
12 41
24 85
56 70
56 61
54 80
31 40
32 81
22 52
10 51
22 39
4 30
6 11
21 27
33 47
13 97
38 63
53 94
76 99
64 78
54 83
8 65
27 46
15 48
11 67
9 50
81 86
83 97
51 97
20 77
71 94
28 55
65 76
17 66
4 6
33 100
45 51
46 72
38 94
26 61
10 31
47 56
64 80
66 80
33 84
19 88
24 42
97 98
5 48
5 10
33 91
61 74
11 62
82 88
35 75
61 93
11 31
43 89
54 58
41 88
34 76
59 82
2 14
63 82
89 97
95 100
14 70
64 65
19 69
51 87
36 56
62 62
32 48
18 86
40 74
28 98
54 67
57 94
26 77
28 92
54 92
61 83
56 86
29 87
10 45
44 63
85 97
54 61
80 95
86 90
29 81
21 28
20 26
61 74
28 34
23 31
45 67
33 93
67 91
21 65
38 54
17 18
7 21
53 59
44 94
61 77
58 88
41 82
12 67
32 48
34 40
79 92
23 28
53 93
10 31
62 74
70 76
57 98
21 68
20 24
20 53
63 69
26 38
9 81
37 99
4 91
26 54
10 50
86 87
8 40
14 97
35 82
1 54
41 80
30 35
73 74
35 41
24 46
48 85
30 52
20 26
32 44
2 85
4 46
52 68
6 68
40 63
4 60
73 77
26 78
1 96
20 69
2 72
37 37
14 20
27 91
44 60
65 92
73 99
30 69
10 29
82 97
23 70
3 85
6 21
15 89
44 100
18 31
29 41
4 76
23 65
27 47
18 30
17 40
27 53
43 61
78 98
18 52
58 67
18 61
14 96
31 42
21 80
46 56
22 82
31 52
9 94
19 88
69 87
39 89
28 70
42 85
22 98
38 43
3 23
42 89
6 74
91 93
27 59
5 69
20 85
18 37
23 26
24 72
71 73
10 77
69 99
9 91
58 81
17 86
4 87
5 51
11 20
2 16
13 63
14 28
5 49
47 100
56 60
21 32
9 78
54 99
84 90
51 96
35 62
15 61
64 76
78 99
35 47
21 26
17 90
60 75
59 85
91 96
19 53
8 10
68 69
23 94
34 41
35 64
10 68
92 100
14 43
6 80
25 62
43 73
61 97
19 99
13 43
77 91
32 83
7 19
31 74
50 73
54 77
24 52
10 47
49 63
17 66
34 79
54 63
35 83
4 14
27 28
15 49
14 20
13 45
61 71
19 40
28 83
29 81
62 73
68 95
24 46
2 60
8 55
25 91
24 29
14 36
12 62
76 84
5 91
38 99
3 37
51 88
58 85
35 72
1 41
44 97
7 30
16 30
12 54
18 79
71 86
19 36
24 96
34 78
9 55
78 79
45 52
53 83
78 95
33 52
44 57
12 93
48 62
47 90
63 70
10 87
55 63
21 40
22 88
25 70
24 63
27 54
88 91
48 100
39 87
64 68
6 74
69 86
7 94
31 35
24 76
58 69
61 72
42 85
57 85
55 100
9 16
8 16
54 64
66 76
65 93
24 79
63 73
16 32
24 32
21 67
31 93
30 69
58 71
17 72
66 90
16 98
1 20
57 62
8 72
60 68
22 31
43 68
32 37
86 91
19 44
43 81
21 47
62 67
3 53
14 41
68 98
39 74
21 36
47 81
49 53
44 61
60 84
33 78
80 96
62 82
22 76
15 95
57 70
48 77
20 53
21 29
41 57
2 89
3 96
63 72
29 98
53 67
13 17
40 78
52 71
6 38
1 81
46 86
12 82
37 57
26 68
85 100
6 56
5 92
60 73
6 70
81 92
62 79
22 48
65 78
15 70
25 70
2 100
43 96
8 97
43 44
54 83
11 25
16 72
42 55
74 79
56 80
55 87
46 100
18 20
28 69
2 73
13 23
37 86
50 65
44 71
51 80
80 81
10 91
5 56
77 89
17 23
84 86
23 25
7 55
86 95
69 84
1 26
23 92
77 80
47 71
51 55
13 52
32 33
23 66
54 77
1 50
6 35
47 91
10 10
92 96
73 82
76 91
9 74
42 58
20 68
81 84
40 67
71 92
31 99
3 51
12 12
1 49
10 16
31 100
37 85
64 72
5 85
14 29
34 98
3 77
7 40
20 36
39 44
1 84
73 84
19 21
8 77
9 22
42 66
23 49
27 42
9 67
28 93
98 98
59 72
61 63
24 27
75 94
22 57
26 73
18 76
4 18
15 96
32 91
32 72
39 51
10 55
66 83
8 85
7 12
80 89
13 50
35 62
42 72
88 93
6 46
45 49
31 78
24 35
60 83
40 57
12 37
52 81
52 83
33 86
1 45
3 27
16 46
5 65
9 72
46 68
51 60
27 60
8 53
6 87
29 58
12 19
7 49
63 78
32 42
50 81
24 93
11 74
61 89
25 68
7 59
11 70
40 63
79 99
2 68
29 99
5 68
1 50
27 94
19 76
37 52
20 75
49 89
26 84
32 83
13 23
25 44
3 87
49 56
54 84
79 99
42 72
32 74
1 62
68 82
79 85
89 93
51 66
2 7
7 54
64 73
9 30
13 81
15 59
22 58
43 86
45 75
48 50
45 79
89 91
37 76
45 86
8 23
12 52
8 61
59 87
51 82
4 85
20 65
52 54
31 35
1 86
13 37
24 53
13 52
26 63
16 32
38 40
70 86
16 86
18 45
11 63
82 89
8 13
43 56
19 63
55 79
61 63
8 23
19 65
9 64
22 87
37 45
28 100
27 62
14 22
12 32
19 50
28 35
56 94
8 77
52 74
58 59
23 46
13 35
2 75
25 92
85 99
8 27
7 81
10 53
28 52
82 86
62 92
42 43
67 99
78 90
83 96
29 100
8 90
14 33
7 15
50 77
8 25
80 89
23 80
66 96
37 86
57 100
37 54
9 86
2 87
17 98
32 82
12 38
70 77
13 81
35 89
40 96
51 69
34 90
59 68
2 40
69 85
11 76
15 75
9 61
58 72
10 44
43 69
17 52
38 92
16 62
76 99
38 60
1 9
35 67
46 88
86 92
31 70
4 44
2 48
67 76
8 49
22 82
17 54
31 75
50 90
24 64
36 94
2 54
27 59
38 99
15 49
74 82
16 45
12 28
15 19
12 21
78 99
52 90
24 87
9 65
34 87
83 92
32 51
6 57
58 86
62 72
20 56
29 54
67 93
27 76
8 97
76 92
20 30
37 75
23 74
44 83
16 20
32 42
23 99
9 56
92 100
78 100
47 91
86 92
1 89
34 98
7 14
27 98
30 51
69 70
5 16
61 83
6 78
28 96
43 55
55 61
44 82
42 69
4 73
15 62
35 81
55 79
63 98
57 61
73 80
19 79
30 39
3 80
24 88
35 96
24 75
25 37
3 33
71 89
76 86
52 85
42 90
12 50
24 93
14 98
31 44
14 78
50 97
62 71
6 52
23 43
15 86
60 61
14 48
2 63
3 85
59 90
87 89
44 57
58 87
5 81
52 78
63 93
8 73
6 42
83 93
73 76
8 57
25 42
3 23
28 38
10 58
10 22
48 56
24 41
15 34
56 68
34 89
20 74
7 81
28 71
2 13
10 74
67 74
32 89
34 48
7 56
17 78
60 88
44 60
5 65
20 83
20 83
2 49
33 61
10 71
45 72
21 42
78 88
73 97
3 20
51 61
43 47
26 52
91 99
7 50
19 74
24 47
33 94
15 26
46 53
8 21
34 49
68 77
11 62
13 39
64 73
54 82
94 96
8 33
25 75
29 44
4 74
7 22
42 95
6 41
56 85
78 83
66 95
65 84
17 91
16 55
22 69
29 30
30 56
61 68
84 100
66 70
44 78
74 99
68 95
64 97
21 60
47 88
4 29
5 7
48 61
10 15
30 93
21 46
42 64
29 80
45 79
46 56
41 49
2 40
14 35
62 98
56 60
81 87
45 51
9 65
1 67
44 78
13 31
24 29
61 80
9 56
76 90
18 24
25 70
1 99
79 92
7 33
39 43
86 87
42 44
27 100
68 79
34 83
15 81
47 60
11 43
69 71
67 75
40 93
60 81
62 90
74 75
18 48
9 49
45 70
16 80
6 92
8 30
92 97
3 72
38 48
7 14
26 80
26 36
53 100
6 39
1 32
17 91
22 69
40 76
37 67
24 72
27 41
80 93
83 89
23 62
69 98
45 87
39 55
77 78
4 100
48 67
48 66
51 89
13 64
32 92
59 69
11 43
57 78
31 36
4 83
28 63
30 37
34 66
71 86
29 60
8 16
64 68
21 85
61 68
1 37
29 85
63 87
37 50
20 51
34 57
11 58
36 45
55 77
3 41
20 85
38 63
17 94
45 60
53 66
6 54
84 94
25 69
4 25
18 27
46 67
31 37
44 70
14 86
58 61
63 84
54 93
13 89
7 65
8 95
13 22
19 22
57 91
67 73
45 95
68 94
36 52
24 94
24 74
17 93
5 69
24 59
47 71
22 34
5 93
48 54
37 59
7 83
4 13
20 36
35 91
57 75
52 88
42 56
65 70
38 85
3 21
68 88
92 96
16 60
44 44
47 91
35 63
73 96
33 54
24 74
23 65
55 89
17 53
8 55
61 62
57 67
46 81
50 79
23 99
86 98
3 93
11 61
10 36
42 83
30 84
67 98
33 61
46 90
53 63
25 80
5 26
71 99
5 36
88 97
75 89
36 46
15 30
19 50
24 89
43 55
3 20
5 6
20 25
78 86
58 73
52 81
69 84
57 67
34 68
25 29
17 26
36 78
55 95
34 57
55 93
44 99
58 62
26 59
52 95
14 26
13 88
6 28
33 79
46 78
16 88
9 52
37 50
50 92
63 94
48 75
10 96
47 84
67 68
32 37
4 69
12 18
45 47
72 95
58 76
13 36
63 71
53 87
75 85
19 96
24 71
53 87
25 65
59 70
2 30
12 46
4 89
30 82
29 75
58 94
10 35
43 66
27 62
36 43
7 63
38 71
16 20
61 94
64 70
6 29
1 51
10 30
54 98
12 56
13 93
21 50
23 48
89 91
40 83
85 96
73 91
8 99
84 99
11 79
14 85
25 90
8 86
8 16
30 53
