10000
68 334
256 408
385 828
476 532
253 529
297 596
120 589
324 974
12 943
605 956
28 648
281 476
514 589
213 383
46 62
81 812
668 1000
100 201
579 914
101 362
204 692
80 736
731 853
26 565
963 974
448 695
50 598
525 607
64 779
674 829
768 949
180 734
74 537
2 495
188 395
311 821
311 820
181 765
117 895
71 262
210 549
910 946
262 292
114 744
404 546
91 236
21 669
9 337
665 724
287 924
30 996
722 963
48 250
164 175
307 931
531 642
781 889
205 898
220 618
308 433
637 662
769 924
604 962
325 767
148 176
189 687
350 796
251 345
370 854
485 684
753 987
151 534
476 589
282 822
757 866
210 317
541 556
580 862
72 677
360 632
451 733
170 338
938 975
494 726
370 774
599 707
233 492
317 697
98 227
754 969
184 260
240 845
180 901
752 948
225 897
507 708
420 589
925 930
16 868
53 464
770 892
666 722
244 297
465 497
288 497
459 641
825 912
105 645
33 872
119 892
272 443
167 290
657 966
620 687
54 214
269 410
63 745
262 436
206 711
783 880
264 308
827 880
688 830
657 935
44 307
386 396
486 955
167 852
418 826
810 997
345 532
69 732
103 492
406 593
322 866
223 257
428 613
2 513
29 876
451 872
233 480
501 840
753 799
129 291
401 498
149 422
377 603
509 971
279 1000
478 636
496 988
286 872
532 883
594 929
669 798
184 759
651 804
580 853
652 915
166 346
847 952
51 215
372 896
106 850
53 906
95 537
663 995
87 788
606 626
286 496
211 508
82 418
350 639
438 547
396 996
430 457
556 766
469 828
676 895
385 834
691 908
256 890
86 962
671 686
445 486
391 469
137 637
692 736
690 741
903 919
868 992
469 848
342 864
59 595
571 819
28 259
397 528
660 826
262 889
55 147
80 301
437 837
155 718
795 899
49 546
1 577
308 336
264 891
21 233
573 587
536 832
2 996
425 538
149 670
491 848
77 449
713 741
623 824
376 659
718 860
309 554
432 551
185 415
234 991
617 847
205 369
500 973
471 643
439 894
345 969
489 913
39 692
445 849
362 920
249 424
323 433
647 967
345 724
128 193
128 996
794 834
540 737
459 466
54 69
606 634
129 879
674 889
97 243
326 972
585 657
104 367
68 324
520 727
441 521
542 792
383 956
24 572
66 746
219 265
329 361
428 689
712 779
323 612
752 765
613 881
968 980
506 986
741 777
312 955
531 716
479 622
284 388
20 852
698 702
109 273
12 163
30 242
140 732
319 544
227 756
625 857
393 393
570 991
236 506
706 981
92 158
146 601
97 466
742 842
319 606
287 840
307 749
924 925
682 998
59 792
868 910
668 966
758 865
106 149
279 893
59 152
445 617
412 497
364 537
531 866
606 751
496 671
259 602
730 817
188 644
469 718
286 668
28 234
96 137
106 794
128 405
682 916
626 924
2 919
610 953
726 729
280 334
756 903
367 775
96 907
618 876
166 353
59 963
514 713
83 944
291 930
245 727
155 793
264 810
223 521
155 728
822 897
767 896
228 824
784 917
126 141
107 795
291 466
387 805
543 884
789 892
353 930
335 591
505 871
200 672
765 935
96 680
151 786
283 802
311 896
4 596
483 685
376 832
58 174
607 662
76 690
689 969
664 880
93 309
265 908
384 647
193 483
264 486
225 262
83 558
904 939
35 923
731 921
93 445
267 692
263 663
237 895
624 962
617 636
188 405
289 768
101 594
27 995
550 849
799 959
255 885
232 980
866 898
11 93
178 976
219 473
77 918
274 520
142 791
612 914
249 942
308 331
502 518
118 521
152 702
346 812
414 828
511 934
610 744
288 604
646 709
190 942
250 462
451 793
316 755
350 490
47 654
771 834
205 402
620 835
102 962
82 744
283 650
282 531
283 841
10 212
569 714
330 776
132 328
113 651
271 838
1 973
721 901
558 739
506 922
469 575
262 739
79 871
392 807
215 315
351 622
265 791
29 217
599 731
368 848
96 496
65 776
834 976
154 867
555 862
334 603
121 641
621 896
816 822
274 358
49 615
893 991
309 314
379 931
123 972
637 849
204 480
455 502
224 663
220 425
295 302
759 901
123 955
49 970
488 526
90 839
760 853
163 507
395 574
136 346
6 412
337 590
189 506
181 702
89 362
868 937
815 831
363 863
166 918
788 897
463 777
56 216
466 674
20 978
49 667
216 895
96 611
185 898
461 613
36 649
394 426
668 729
460 575
234 369
725 962
644 675
546 945
658 690
269 805
604 855
358 604
85 212
114 519
159 470
329 387
104 658
554 875
24 454
548 730
389 449
322 845
466 863
404 816
593 941
448 950
291 313
158 327
38 88
11 793
171 347
491 900
231 795
220 744
499 744
64 479
222 917
566 819
203 836
464 871
59 492
537 740
339 425
121 839
731 733
460 676
378 616
518 878
43 918
710 783
59 850
75 427
116 768
676 912
590 846
336 786
428 810
152 940
494 525
78 786
406 808
401 791
764 991
256 987
182 492
269 697
90 608
619 717
284 505
103 265
566 822
705 987
361 913
368 684
197 933
827 864
113 497
436 930
296 799
688 770
461 470
52 577
150 312
293 478
94 934
415 484
935 970
587 741
451 923
422 784
825 982
483 953
629 806
288 353
754 932
12 351
235 813
198 808
539 678
38 997
465 909
147 817
660 873
27 550
319 460
117 823
274 803
109 283
417 542
200 312
690 844
234 698
253 366
134 609
204 728
105 897
37 510
485 908
137 402
335 933
87 854
17 713
216 964
722 863
308 621
473 980
333 758
208 348
46 772
236 543
631 928
582 764
26 361
886 993
372 925
14 116
171 715
109 746
268 606
805 872
76 552
32 950
738 1000
954 955
582 974
72 524
263 564
679 801
824 837
63 603
606 792
527 810
298 964
847 971
938 964
270 368
341 383
364 808
381 870
515 584
277 466
599 837
90 859
531 756
143 380
562 627
114 370
306 343
54 310
95 696
383 621
21 650
222 263
286 472
6 545
77 600
362 698
224 877
385 473
26 644
46 763
702 837
212 919
367 502
397 701
132 657
497 743
356 657
34 545
360 667
97 454
728 848
11 69
551 578
753 759
679 868
415 946
745 807
5 66
406 679
217 912
357 537
97 537
297 846
339 465
277 480
223 658
515 617
684 973
339 765
426 882
516 894
661 970
402 766
218 684
246 689
316 814
737 955
252 291
881 884
1 208
311 752
253 258
292 401
495 723
208 613
154 392
19 728
527 913
494 776
609 977
191 650
797 879
366 944
579 903
442 815
130 865
507 683
476 688
357 452
83 299
848 934
409 961
312 844
128 362
602 952
417 963
440 941
84 257
116 322
91 985
92 347
63 756
43 127
288 539
381 786
337 856
719 854
728 884
366 844
142 384
4 873
652 907
612 908
26 937
161 759
819 974
145 418
754 954
131 713
461 587
677 719
548 688
638 977
148 543
654 813
324 970
36 997
681 763
375 605
6 590
589 789
102 832
431 620
255 696
65 715
75 527
62 103
204 460
49 627
429 676
100 441
717 861
373 451
127 498
555 905
369 782
459 765
201 627
795 943
402 407
487 925
305 350
695 913
52 186
29 745
184 672
220 691
716 957
91 478
206 536
586 921
308 412
213 338
5 354
74 439
287 734
121 786
334 659
620 694
628 950
68 705
120 933
275 597
208 963
374 874
78 411
711 884
19 438
678 762
464 791
462 875
712 780
19 624
718 829
70 186
98 578
509 814
70 742
434 685
308 966
8 930
173 832
73 665
774 916
86 487
413 864
613 718
20 165
47 910
146 519
377 420
54 814
5 6
322 475
40 531
413 873
488 763
163 520
647 925
4 710
814 921
154 884
435 588
332 896
242 874
229 395
417 759
80 723
718 901
309 786
228 754
8 237
226 993
48 502
343 844
432 545
21 669
706 872
129 871
452 916
650 776
342 637
45 537
55 109
296 378
442 564
347 922
241 552
151 775
162 734
788 812
507 734
241 879
113 140
40 157
878 995
714 974
610 887
479 728
238 833
193 519
60 196
56 750
530 851
610 957
36 971
215 441
348 705
203 522
10 974
393 425
160 991
444 845
567 881
673 845
816 900
168 232
162 859
70 124
294 301
381 953
201 802
554 840
254 467
310 893
428 950
481 574
417 458
62 707
306 345
329 787
65 505
10 981
173 538
319 726
637 826
358 740
150 840
663 787
523 682
270 473
693 742
44 635
180 796
567 852
432 965
552 600
9 134
70 675
223 525
92 821
14 223
148 836
33 239
55 383
356 532
383 957
801 891
407 767
110 914
460 803
512 706
638 723
642 844
205 979
421 578
73 539
273 961
9 246
643 704
304 833
6 60
276 556
465 575
50 189
264 374
220 319
781 933
223 354
353 392
886 986
255 396
39 810
193 513
3 500
596 927
394 691
464 779
203 353
291 427
57 761
273 689
14 911
99 355
138 739
106 665
444 832
345 822
867 983
93 422
775 866
19 687
484 642
249 918
647 750
266 391
19 493
9 569
343 501
496 843
510 604
42 622
154 204
45 926
56 355
611 755
663 846
54 489
128 794
547 915
619 730
173 464
586 1000
198 828
13 668
406 691
333 493
362 603
241 494
22 926
169 831
261 412
214 516
540 778
143 694
133 357
44 538
188 613
408 936
488 989
17 562
735 977
327 616
252 908
459 603
184 749
256 852
454 488
255 948
422 988
746 772
488 589
70 685
468 760
869 929
536 869
169 695
307 654
88 402
332 981
759 944
835 977
24 641
12 241
736 896
695 836
652 955
644 713
338 728
45 551
582 630
1 186
97 950
356 720
188 789
59 99
888 984
15 556
1 163
41 603
17 633
13 864
255 480
113 397
352 465
479 758
216 386
883 984
729 973
305 752
354 691
50 457
505 615
399 648
45 180
227 589
167 726
60 635
356 401
571 854
45 106
488 875
80 939
93 679
157 828
56 776
565 798
16 440
743 854
21 736
251 392
490 883
533 554
708 872
442 929
662 836
263 910
499 748
282 580
327 351
395 548
299 806
685 717
230 505
690 917
394 436
556 858
230 904
530 727
457 797
717 928
265 818
526 583
444 800
245 997
543 783
4 279
383 398
388 661
462 839
345 401
239 461
31 484
75 789
568 619
559 902
386 499
342 968
22 796
20 423
271 910
30 752
150 953
182 541
704 791
582 971
614 799
551 608
428 790
133 586
79 598
133 1000
427 484
256 912
333 994
406 590
7 910
213 602
18 361
255 603
5 107
298 476
418 637
579 955
268 729
474 781
208 851
451 792
484 927
515 926
419 557
362 783
472 624
197 389
104 212
972 979
71 380
443 530
215 532
22 154
148 152
77 82
972 976
898 962
341 936
53 557
486 850
224 967
352 757
361 804
611 620
140 579
444 928
216 513
101 801
157 621
641 833
167 251
338 609
513 874
115 652
399 894
214 671
367 607
324 744
115 940
484 632
110 950
328 384
17 322
722 756
186 823
26 541
194 534
255 274
698 875
527 940
330 698
217 270
83 791
249 473
415 912
8 462
853 993
218 221
319 361
52 938
4 666
50 965
733 903
249 517
495 535
495 795
404 513
227 900
466 858
508 594
357 571
591 788
119 702
470 844
10 282
741 917
648 879
325 893
280 870
299 448
333 922
12 468
687 953
53 628
126 907
524 953
130 787
443 862
521 836
245 681
52 757
103 113
162 292
767 964
14 823
133 544
834 880
47 389
504 782
262 665
29 891
466 770
756 834
264 451
226 726
182 814
79 982
47 698
156 883
132 903
6 749
411 991
494 820
266 593
379 621
146 982
846 981
583 931
360 576
442 541
474 499
244 514
112 926
154 814
31 556
730 883
472 824
406 873
228 997
79 480
137 490
444 561
746 782
268 418
791 902
448 627
559 677
195 398
369 723
91 193
20 160
128 851
284 704
424 699
464 955
126 162
248 364
637 744
7 298
416 684
598 842
888 984
796 888
771 939
379 485
310 695
423 771
150 353
130 359
752 974
546 696
192 617
446 681
257 489
568 635
409 440
315 871
128 934
574 975
439 879
282 671
82 720
448 876
556 679
138 583
594 646
914 918
32 250
20 221
319 536
219 409
293 883
692 777
198 362
548 976
548 696
723 811
121 867
223 401
41 447
85 130
409 619
274 524
77 881
146 191
89 221
14 514
60 487
435 600
141 729
303 336
430 484
467 760
847 901
200 858
115 835
7 727
413 994
691 965
443 765
74 624
37 869
219 411
125 336
529 645
581 598
5 739
836 909
45 219
498 908
183 217
320 865
478 603
178 696
518 976
128 658
188 772
106 640
61 935
2 952
114 453
487 995
744 760
366 655
623 762
90 871
217 496
455 926
239 629
682 908
645 970
128 618
320 798
36 796
239 316
608 888
588 981
355 499
164 479
438 667
138 158
456 641
135 306
471 814
277 952
75 785
62 375
3 771
615 675
589 927
228 694
180 411
532 808
330 494
359 378
677 836
776 999
371 393
477 868
334 875
426 903
218 364
352 548
382 606
40 93
399 569
433 554
395 472
53 697
74 221
138 430
486 562
96 588
479 829
474 675
277 594
745 828
108 318
38 477
6 434
502 936
529 590
277 305
275 834
76 430
158 662
848 873
71 590
210 481
283 584
731 823
3 106
576 875
347 873
27 125
4 531
156 665
472 543
120 767
193 418
183 419
69 942
57 459
707 979
57 950
209 414
274 562
515 653
172 634
435 572
123 514
404 423
514 648
95 598
359 754
261 426
407 572
302 620
304 495
258 684
128 264
360 720
174 353
771 809
501 864
142 150
168 728
263 979
452 622
176 616
122 248
386 940
103 621
538 557
905 927
424 592
179 779
190 605
273 661
246 813
88 384
778 815
313 877
37 907
225 565
166 835
356 787
169 870
29 522
182 396
602 743
108 234
459 768
194 837
670 908
10 530
119 895
430 570
19 44
229 818
329 546
267 806
601 784
151 988
275 876
48 92
252 842
900 940
668 709
438 677
375 834
697 844
389 655
189 509
199 790
258 735
340 554
131 356
754 899
188 607
137 800
581 709
78 907
590 774
155 547
145 724
780 882
540 592
618 705
12 338
217 708
834 947
571 699
380 751
98 966
283 484
309 786
136 296
139 754
542 991
93 502
900 977
775 913
54 676
341 951
188 942
251 988
154 200
20 723
647 944
458 664
514 649
784 973
28 859
112 684
96 128
619 747
166 196
436 648
241 501
93 614
726 936
73 456
205 956
120 820
95 913
689 725
846 969
103 486
1 182
374 858
259 730
101 931
32 314
134 610
482 724
22 50
81 429
121 385
510 633
310 506
634 655
137 492
930 997
247 445
35 453
438 627
95 277
412 726
483 590
363 683
53 404
52 551
40 281
547 873
88 399
241 315
360 447
267 815
547 734
607 770
844 919
247 874
155 487
281 701
661 847
200 251
505 820
34 880
376 884
695 824
387 810
588 851
4 843
60 965
179 843
81 485
486 844
564 946
138 170
352 511
471 862
426 613
268 693
6 419
678 816
102 702
380 922
22 831
51 717
272 765
102 486
93 226
16 322
276 352
93 160
383 790
86 182
55 997
272 297
83 159
94 260
245 1000
259 331
699 812
111 188
114 466
293 294
82 196
857 926
99 182
180 964
561 850
152 327
148 296
268 926
310 676
262 501
83 684
332 648
376 818
194 346
714 716
355 589
172 648
16 348
503 942
542 556
528 790
531 882
535 959
624 661
431 483
636 758
49 823
455 839
583 828
380 542
307 982
238 712
800 948
567 940
854 900
177 768
621 783
306 690
406 427
538 910
132 527
609 827
237 622
184 485
197 868
61 222
113 447
13 230
473 704
369 712
355 363
372 979
686 941
550 832
135 308
64 834
642 802
871 873
448 555
544 591
498 667
165 955
374 539
441 996
344 548
464 632
32 805
524 681
809 873
323 836
541 908
485 786
739 919
487 687
80 581
501 508
136 964
449 579
670 820
145 298
207 830
38 115
758 852
85 807
427 661
572 621
371 417
117 288
101 604
693 874
52 705
929 982
44 308
174 347
1 411
301 777
115 211
309 979
102 568
135 426
75 967
191 306
396 660
85 885
318 390
331 646
610 748
226 339
312 906
453 762
311 350
241 589
278 740
187 831
222 788
315 993
436 790
428 935
169 755
338 834
745 810
231 932
221 333
285 700
204 726
54 265
538 952
805 838
680 866
531 706
450 775
258 354
326 803
75 484
468 778
470 624
569 700
158 785
72 561
294 830
240 326
562 735
297 516
314 970
118 560
142 846
358 790
435 950
233 981
206 422
173 446
627 882
737 954
74 716
182 852
141 735
230 917
315 428
487 531
126 242
291 431
287 719
628 923
132 673
127 202
65 511
699 928
295 844
160 963
410 566
671 813
751 948
309 600
353 588
382 847
529 664
162 585
44 296
126 640
70 689
109 210
108 445
688 904
218 527
584 837
107 984
187 892
399 439
782 921
172 240
202 564
175 433
458 956
443 511
459 936
729 924
169 338
466 489
527 868
97 610
701 923
34 191
118 526
160 365
849 991
163 390
195 585
34 894
83 694
33 251
729 731
111 911
321 436
78 619
309 433
127 645
143 450
629 885
606 895
258 660
19 484
329 805
602 719
425 595
184 638
116 452
506 825
527 842
528 573
17 730
210 867
138 829
2 337
20 260
152 513
113 556
103 355
913 947
890 944
647 654
138 194
9 773
74 676
449 912
788 858
689 908
290 410
854 971
452 787
360 789
96 718
105 963
129 567
72 285
28 450
316 957
122 362
253 560
88 469
129 811
474 872
243 584
716 897
646 654
412 463
290 932
46 847
13 398
586 753
22 59
761 902
92 591
264 399
317 509
61 899
733 947
191 685
294 899
204 846
209 257
219 953
531 741
370 507
785 946
642 864
292 638
261 647
25 636
701 978
224 802
249 879
444 764
205 504
517 887
506 675
336 935
488 805
9 794
5 932
120 505
511 543
389 660
470 677
302 915
183 591
47 179
646 929
194 488
881 998
565 995
776 804
162 442
447 716
250 433
386 624
639 899
31 343
22 181
657 803
46 845
740 845
56 201
46 171
231 669
276 413
731 855
557 837
27 809
28 370
191 374
752 776
259 952
471 976
87 198
59 70
500 914
589 732
187 532
211 676
732 830
243 639
138 539
568 591
392 777
197 919
225 907
700 895
874 910
197 892
117 372
167 406
73 225
76 293
551 819
168 806
6 186
308 440
389 585
6 50
421 490
727 784
355 651
212 560
172 487
63 377
309 595
457 852
41 947
267 794
40 944
271 542
40 343
117 627
433 491
799 926
177 299
133 883
618 775
224 809
204 309
48 582
789 962
405 739
730 813
583 849
122 700
72 268
463 524
30 120
250 985
492 777
915 997
218 628
315 385
712 999
169 545
40 177
129 860
513 977
79 642
916 971
362 857
650 684
23 549
335 618
76 285
496 752
79 405
233 913
56 392
2 326
417 699
274 835
60 184
117 488
9 19
356 994
776 1000
564 788
370 703
764 776
795 980
176 963
125 487
96 725
483 494
205 715
242 475
61 228
92 610
418 952
556 627
490 592
128 412
257 832
621 962
36 878
165 255
921 968
943 949
95 319
30 614
16 583
47 595
471 474
4 780
443 707
357 984
699 956
206 269
512 779
401 543
518 608
51 132
138 279
516 549
428 840
656 964
94 237
378 1000
37 362
335 830
511 804
70 76
424 630
25 875
812 864
94 609
47 814
121 540
264 468
844 912
319 692
470 476
461 574
107 745
490 558
8 72
927 944
64 547
466 499
968 988
672 871
188 444
481 853
166 690
124 851
542 759
247 812
54 184
190 600
3 755
637 699
314 649
6 425
608 922
125 279
699 1000
294 775
141 436
802 805
78 593
6 578
827 996
436 507
151 719
719 751
704 807
366 885
174 249
739 752
553 606
154 406
687 955
173 974
172 880
355 376
571 776
588 880
272 721
747 840
130 392
463 931
334 679
44 976
713 890
294 551
6 864
377 391
190 235
42 982
101 976
193 794
346 439
362 366
249 413
619 849
554 894
244 484
446 626
420 684
101 732
476 585
462 826
778 936
276 806
781 926
484 887
542 565
47 827
508 948
681 777
42 398
77 362
250 868
46 86
556 947
850 861
267 405
304 988
232 500
56 388
806 843
241 435
58 808
44 985
905 976
254 275
64 342
492 824
581 748
284 591
5 377
139 567
10 239
58 220
149 238
466 589
324 898
269 727
697 714
133 528
543 738
73 796
278 717
921 991
575 865
482 932
408 567
13 651
3 488
147 487
828 906
368 554
532 899
280 873
799 862
205 736
914 952
734 1000
709 799
421 967
187 591
356 393
85 259
82 960
487 495
467 952
636 806
379 669
331 688
211 682
325 407
590 677
93 196
344 638
195 446
124 606
333 486
591 692
274 616
639 919
149 189
508 835
594 932
459 984
193 198
492 962
84 832
403 561
730 922
470 704
849 943
241 538
510 758
629 728
279 565
323 911
38 843
516 666
27 335
350 684
753 907
293 428
200 269
756 914
298 400
82 496
217 641
35 967
128 190
408 866
384 918
82 358
229 929
265 538
77 639
100 393
273 829
345 788
707 839
253 703
123 573
163 632
410 468
524 811
594 710
667 733
444 490
488 991
369 710
709 881
822 941
161 659
47 418
150 921
134 282
278 901
371 689
58 62
150 905
349 739
721 797
795 931
188 686
408 861
630 710
215 853
256 911
112 902
205 387
192 633
270 921
522 910
109 168
492 616
691 767
289 733
150 949
699 937
10 675
310 627
28 771
522 635
104 969
776 892
381 808
111 393
510 629
490 897
88 727
911 958
316 660
82 394
530 791
151 152
401 838
695 993
377 572
812 854
520 815
141 856
823 885
77 612
20 909
144 534
223 235
152 825
126 319
330 672
644 671
41 954
171 726
505 611
102 288
37 101
90 803
106 262
227 778
139 564
340 926
229 230
443 896
461 685
136 701
299 692
354 428
440 601
145 536
76 884
262 602
255 1000
191 794
508 999
24 138
281 599
651 675
741 816
635 776
77 364
604 672
519 681
39 963
625 844
160 493
647 838
108 161
1 324
872 980
117 547
191 630
381 411
473 902
38 925
675 893
710 762
930 971
177 188
314 592
950 975
720 954
348 521
448 645
42 982
191 949
129 996
14 303
202 898
649 864
330 689
162 215
372 383
257 820
381 734
612 900
643 838
29 936
128 198
279 952
4 227
175 422
804 882
215 433
392 785
39 771
735 766
70 946
110 714
43 289
19 977
451 884
331 647
290 616
179 510
889 999
735 999
323 786
150 391
311 869
283 336
391 545
845 912
409 891
67 966
191 513
294 675
368 858
16 79
645 851
760 993
391 563
489 981
63 131
646 714
402 899
185 684
342 830
371 568
26 194
380 438
416 456
443 787
430 955
18 787
116 621
594 820
67 680
313 551
142 539
533 975
132 717
468 970
630 795
153 297
212 459
104 757
251 747
341 505
111 286
317 529
234 537
420 580
364 543
316 317
366 633
165 982
279 830
215 856
225 287
196 669
98 867
40 606
463 512
148 651
118 676
312 882
450 654
67 721
121 221
23 901
218 822
333 406
351 748
19 204
579 827
62 838
313 424
272 947
90 131
566 810
22 979
739 884
379 630
432 569
696 906
134 825
834 985
209 658
22 786
582 864
152 441
206 988
232 988
68 398
478 801
741 792
364 604
152 519
725 776
2 142
445 709
792 879
63 404
685 886
318 518
56 614
85 947
585 696
238 599
597 853
226 869
711 737
239 780
355 399
906 961
414 930
598 689
301 471
97 541
258 363
446 797
151 732
176 466
247 947
431 851
28 627
110 391
616 728
194 228
312 932
231 252
728 886
238 995
705 857
391 419
541 746
184 923
260 430
272 494
293 957
167 749
302 400
131 738
428 786
344 405
409 971
589 611
33 193
54 906
426 468
564 630
464 752
81 217
313 936
294 789
659 713
506 854
298 973
124 885
25 945
315 620
333 620
495 875
81 562
504 583
182 840
652 783
454 590
520 614
139 435
89 374
697 854
583 721
687 1000
879 988
331 767
468 480
561 899
486 917
94 861
28 158
707 838
171 526
161 729
41 707
326 519
565 759
513 620
52 189
254 424
108 835
83 675
115 808
243 308
144 594
808 882
405 609
348 523
279 753
208 562
22 701
374 810
262 887
383 471
258 547
428 708
607 689
153 603
161 163
159 581
494 931
79 811
792 868
618 716
341 657
350 427
54 586
132 220
74 523
456 484
186 490
633 792
283 295
332 920
144 258
342 944
303 477
247 277
106 113
192 503
94 527
416 540
311 407
469 969
306 988
176 460
154 162
145 338
362 910
871 909
300 601
476 539
510 591
26 775
150 336
585 908
719 740
655 826
800 833
22 401
301 554
288 894
647 791
739 945
90 562
607 809
10 166
758 805
21 320
340 458
24 689
256 410
262 944
935 978
206 505
370 532
596 736
188 298
399 508
586 737
707 748
576 887
607 982
436 696
356 648
496 621
235 838
93 891
226 874
82 709
308 392
759 926
538 621
137 686
497 762
187 562
703 837
474 762
360 587
78 889
179 278
301 738
295 386
57 828
321 472
142 357
248 889
657 941
70 907
56 364
59 142
175 686
407 844
781 886
31 880
92 474
226 507
465 642
73 851
798 931
326 692
875 887
233 270
163 923
51 933
657 688
473 747
129 251
7 114
695 770
658 847
268 360
50 272
454 883
660 661
56 709
116 801
73 927
454 917
347 365
778 1000
208 409
429 833
787 855
82 991
845 936
416 557
112 997
697 912
568 615
418 744
83 814
192 380
412 678
761 951
117 672
337 561
349 496
307 573
676 888
160 441
439 654
316 685
660 806
282 545
214 856
308 518
18 474
82 579
375 629
487 537
495 581
415 664
486 869
776 902
348 768
167 433
53 832
345 778
196 319
414 839
160 709
485 780
145 736
757 948
123 769
49 706
98 953
177 705
238 885
134 563
174 548
77 225
313 342
184 504
257 703
148 378
393 473
766 835
135 577
185 598
197 331
479 525
132 810
201 557
551 738
142 375
5 706
139 918
161 398
791 965
33 284
9 452
80 495
680 779
500 849
171 280
334 791
6 368
15 537
203 741
158 519
321 632
771 876
165 731
302 687
448 726
218 450
738 758
628 819
73 727
195 955
742 942
500 836
485 906
263 447
568 910
386 583
190 535
73 241
93 994
79 683
322 700
175 608
899 960
121 334
38 38
595 675
193 398
121 979
121 908
883 968
370 394
314 866
197 417
720 854
834 846
552 810
6 277
208 490
326 553
160 573
390 649
669 834
949 965
110 996
397 507
533 999
379 436
184 298
338 974
366 974
477 523
29 315
24 888
380 821
115 848
3 476
2 568
739 911
434 882
160 959
35 295
518 590
294 707
519 610
441 571
361 978
306 818
334 842
331 985
836 853
282 745
107 712
473 892
381 659
30 419
237 361
229 672
18 346
119 819
454 990
130 439
115 938
894 987
149 759
120 994
401 753
690 886
179 244
18 37
421 823
443 910
530 776
866 876
59 680
386 507
723 785
464 946
1 837
104 661
125 303
333 983
766 887
296 758
465 852
218 222
215 824
114 567
163 783
89 646
72 541
575 682
380 804
5 868
291 655
214 214
540 630
476 846
225 265
9 827
371 799
616 880
444 739
171 974
30 297
179 400
211 516
34 64
521 754
643 971
316 854
163 442
515 591
90 507
352 562
300 333
48 227
365 714
113 878
139 999
758 986
36 281
209 626
224 642
259 347
770 791
399 779
689 812
178 545
83 902
453 865
211 819
725 910
635 835
308 666
338 534
552 909
96 152
499 863
298 409
176 384
784 814
262 487
512 997
761 766
135 794
611 690
577 991
506 662
652 850
184 993
228 559
227 387
145 260
129 159
340 780
215 852
307 855
193 821
304 382
505 847
210 303
4 81
29 31
127 322
15 721
148 534
96 959
382 890
171 960
369 724
776 870
372 874
291 836
672 783
3 655
717 851
339 648
175 826
48 485
367 936
443 526
96 168
717 750
97 749
127 829
490 977
413 926
304 730
94 947
471 813
388 559
74 835
659 884
390 682
315 823
385 492
755 808
126 718
821 894
448 697
227 541
352 709
464 515
175 540
109 175
563 880
235 499
485 609
19 307
526 967
674 724
486 877
645 650
46 410
639 652
89 649
277 533
238 782
200 916
464 865
111 711
97 938
796 839
350 815
11 892
317 964
826 955
391 525
501 682
524 531
445 646
5 91
737 754
343 715
284 337
115 609
44 779
367 551
550 748
637 861
79 912
837 946
659 901
81 284
33 314
135 872
222 576
481 939
409 790
375 866
452 630
476 602
233 767
215 442
178 949
229 243
159 244
92 676
157 989
234 975
166 299
102 541
346 764
204 733
312 675
81 951
775 883
525 677
819 866
489 627
163 222
184 362
115 171
702 737
787 929
231 851
61 770
566 653
349 821
572 844
199 391
281 995
832 861
83 628
195 198
184 427
120 753
719 823
36 492
486 559
458 812
225 617
158 503
142 726
154 536
191 260
231 639
398 544
153 428
146 710
78 643
193 760
589 659
352 953
120 564
23 859
169 357
559 738
48 993
261 694
145 929
637 963
221 750
503 971
172 336
354 437
255 899
79 975
153 992
15 427
373 801
100 132
162 808
404 793
185 251
109 217
675 803
848 859
357 800
79 370
38 783
277 869
119 850
513 659
670 671
109 884
153 553
234 396
18 106
503 864
57 297
572 850
593 985
663 732
231 710
66 375
297 409
480 741
236 291
682 940
306 553
141 706
437 557
350 429
708 791
495 525
537 607
169 969
581 895
9 697
500 943
155 489
87 803
99 701
397 941
253 466
219 810
555 774
113 454
98 406
130 451
671 992
499 578
686 997
88 694
647 805
23 822
481 824
584 889
428 960
353 473
199 572
231 679
61 214
327 946
683 957
684 942
108 826
115 324
34 389
105 911
119 926
206 512
248 346
397 938
537 828
363 569
382 798
394 975
653 898
178 522
254 874
52 692
235 469
710 793
611 807
90 283
413 853
733 775
243 818
157 181
90 815
339 899
147 776
851 961
610 927
142 944
140 970
63 281
592 856
315 655
291 397
72 211
785 954
281 334
510 650
287 364
293 389
204 287
96 196
782 1000
335 539
451 567
814 840
105 954
252 593
699 741
721 744
644 888
323 815
679 772
290 766
7 455
19 432
118 415
199 489
136 919
242 958
543 760
241 684
141 427
538 974
34 920
446 811
446 940
196 643
488 626
437 845
120 936
307 850
29 928
604 899
830 997
449 920
265 693
218 476
499 935
358 950
439 791
350 351
28 223
256 550
112 374
251 962
179 824
396 538
73 630
527 900
250 376
91 862
615 859
347 390
95 894
126 678
779 973
219 902
418 419
96 707
71 283
638 902
81 425
741 767
471 660
460 671
574 652
265 664
230 368
40 286
204 659
220 232
356 929
179 577
773 860
517 756
376 849
469 483
611 616
157 697
803 990
66 189
348 869
655 840
59 978
283 689
286 672
468 673
731 739
246 898
95 772
268 689
590 853
8 230
315 410
130 768
289 996
86 999
606 973
120 229
249 808
82 516
608 756
535 974
222 384
61 343
643 967
97 999
578 996
709 749
459 834
521 650
109 706
386 914
578 665
644 762
163 400
534 722
150 717
16 451
161 832
112 996
316 372
373 631
551 788
217 629
10 299
9 204
466 610
580 812
14 570
433 524
220 995
215 726
46 393
249 507
812 966
837 862
651 816
312 629
623 848
259 310
738 841
780 977
91 123
30 932
337 611
765 979
632 727
647 915
660 678
691 793
279 718
512 862
559 736
46 425
249 842
119 646
186 643
390 851
367 749
126 673
776 913
163 427
176 581
439 581
77 141
951 973
572 578
384 741
210 237
271 371
44 583
6 623
610 820
748 965
218 284
155 579
228 413
43 242
483 710
49 136
29 535
541 849
418 939
435 761
597 736
57 515
827 832
157 969
9 561
29 541
388 434
104 954
369 752
382 941
508 930
361 604
13 638
525 634
705 809
94 596
249 321
183 996
295 506
360 413
1 817
82 233
365 846
631 956
248 256
887 969
98 861
55 613
401 977
573 804
653 871
187 775
468 740
417 927
137 612
607 825
596 666
227 413
242 920
462 880
190 907
457 530
441 739
326 450
652 931
225 845
151 662
126 416
213 380
239 740
112 202
795 871
629 919
763 981
356 817
382 520
236 434
129 499
96 343
547 977
596 754
339 462
220 844
39 851
264 503
447 465
598 719
819 835
396 596
175 694
386 742
339 821
258 956
48 482
490 917
469 655
606 802
191 837
733 961
704 820
85 117
623 905
191 220
342 526
60 718
474 750
373 696
26 114
217 382
8 813
183 226
88 221
87 935
671 697
444 569
414 760
87 353
34 247
481 602
195 521
592 983
244 912
591 618
166 290
38 765
621 930
94 846
293 929
207 224
351 908
146 505
867 880
301 389
731 763
872 989
615 758
367 894
698 823
464 593
272 903
390 617
683 879
510 975
195 469
480 867
627 689
297 837
481 989
782 925
227 290
79 780
363 869
325 398
93 461
645 897
207 905
176 708
491 518
223 258
57 130
471 558
431 616
395 708
350 592
77 573
524 682
276 344
624 912
56 670
103 495
518 901
48 836
597 734
162 327
929 947
739 971
693 716
140 257
454 808
581 695
207 472
564 847
89 284
31 455
41 76
225 319
555 752
402 681
688 963
246 639
192 794
240 755
608 645
175 426
417 664
226 497
656 904
482 940
24 798
191 570
135 993
410 478
122 728
27 200
151 503
679 724
8 22
212 505
372 1000
20 527
57 995
235 965
425 670
362 905
343 473
372 975
391 702
543 787
222 785
819 971
3 734
76 115
608 834
62 521
448 963
105 994
290 963
602 943
18 797
336 728
437 598
282 776
465 996
15 127
236 899
104 998
420 663
751 894
31 756
132 736
80 919
328 800
437 465
491 698
361 792
687 845
318 612
159 598
298 354
620 930
354 565
458 862
807 945
154 719
742 753
884 983
129 795
534 936
377 823
450 527
114 607
455 525
398 739
115 816
83 494
298 741
666 803
338 566
465 862
395 480
351 735
461 970
475 760
332 667
51 363
636 1000
619 624
2 567
36 769
12 40
378 463
566 719
462 806
511 638
285 982
84 444
544 950
237 769
412 415
203 824
144 234
164 870
449 808
149 307
18 339
322 476
48 509
118 855
157 351
191 269
743 902
444 959
652 970
250 980
513 803
26 61
707 773
474 711
64 191
735 807
224 903
456 569
278 420
50 646
345 482
443 881
578 778
115 558
393 483
802 968
480 591
34 407
292 884
58 135
51 566
475 903
71 122
48 948
388 906
62 949
531 714
644 850
550 835
187 799
67 729
188 599
3 717
175 652
411 894
464 917
252 456
476 771
481 982
346 916
60 374
68 570
49 142
840 857
52 589
89 145
72 75
6 910
90 985
162 344
271 655
108 405
44 659
210 880
21 243
470 709
515 751
77 497
119 589
102 823
22 443
691 902
504 602
48 333
241 951
447 544
3 498
825 851
419 888
559 702
598 654
255 859
328 507
589 764
610 866
12 810
725 921
158 478
179 957
506 550
222 909
731 763
148 828
45 461
662 754
45 899
859 928
132 525
75 303
463 791
661 740
183 201
662 724
399 986
8 886
113 948
180 738
339 989
28 687
155 636
135 887
98 684
27 275
673 875
58 174
143 451
62 255
26 183
132 940
447 678
54 321
182 302
912 950
623 831
391 498
102 736
453 876
192 563
759 924
57 240
630 843
50 946
496 883
555 906
71 920
283 480
153 727
51 582
49 654
51 821
256 770
529 595
340 451
297 883
428 467
132 335
739 803
36 442
37 74
76 863
375 817
411 543
646 765
486 948
934 944
177 799
309 390
17 799
712 878
144 208
440 824
497 881
15 477
398 684
406 893
185 491
269 698
219 697
323 449
627 887
41 622
41 373
759 776
571 824
826 967
96 846
411 772
476 523
246 346
296 821
9 995
23 731
293 740
33 555
322 907
334 777
705 997
24 77
610 981
173 758
342 884
565 801
805 1000
21 658
35 496
654 818
533 795
135 757
317 597
22 107
543 807
276 574
434 495
318 890
234 968
379 494
14 965
527 721
191 827
516 786
263 737
542 943
439 451
57 322
45 937
259 508
177 452
664 843
375 862
18 352
263 953
324 594
162 868
683 939
121 935
258 872
428 942
188 425
336 374
200 345
971 992
104 834
104 983
484 981
588 789
534 676
92 709
387 615
33 417
64 333
278 880
357 916
478 699
521 980
936 989
318 428
369 817
303 348
185 527
545 620
745 753
749 858
288 868
298 701
705 989
166 468
164 990
260 594
13 34
111 816
285 478
98 195
642 674
99 815
9 334
425 878
361 488
109 190
344 783
53 633
259 789
710 842
567 860
474 497
239 523
30 705
233 513
402 928
291 659
703 879
271 440
201 682
22 825
387 704
245 577
487 570
938 951
799 979
650 734
608 919
209 985
448 781
26 167
305 774
572 651
154 853
498 957
186 875
137 662
74 105
495 990
509 956
210 219
74 978
684 943
608 814
247 507
356 979
420 785
787 920
489 678
53 99
342 483
429 825
135 257
86 700
75 135
199 250
100 867
182 207
78 876
70 948
265 927
478 589
654 669
95 573
10 623
176 614
434 800
638 941
418 616
278 475
288 297
170 722
159 928
146 826
197 911
424 984
14 605
16 630
6 663
464 624
701 755
197 354
851 960
542 633
81 303
316 414
249 843
609 674
222 764
545 635
541 792
150 164
139 853
591 942
53 751
12 127
409 686
220 856
168 740
380 398
321 783
550 793
339 625
730 809
82 633
572 627
302 509
228 571
367 856
783 810
116 613
120 123
53 836
3 132
171 192
190 254
391 465
731 751
9 386
73 972
82 806
206 763
23 264
552 894
47 429
63 307
267 363
13 662
194 216
488 599
33 406
610 942
134 683
56 69
259 558
358 734
102 835
175 558
305 666
436 799
67 753
136 873
210 222
763 901
345 528
879 989
392 474
881 935
111 789
589 993
154 543
12 817
51 721
348 662
279 546
615 824
296 947
339 451
133 600
93 126
554 842
363 776
25 434
326 605
324 735
118 151
91 557
800 995
151 487
61 808
453 760
361 983
151 743
233 297
466 500
237 961
336 409
19 637
315 897
365 611
14 141
361 951
397 470
503 815
593 921
378 677
164 720
68 614
460 868
462 834
565 831
226 468
897 939
104 697
39 704
28 707
138 369
83 273
195 529
337 768
1 419
19 476
548 681
206 502
203 914
399 668
325 494
399 847
214 865
292 501
351 526
407 850
454 693
13 577
669 697
292 387
822 951
47 54
334 660
318 768
746 966
161 419
167 448
314 386
149 392
603 974
105 646
252 595
427 826
501 948
210 335
186 718
48 945
638 936
752 817
771 868
112 193
846 850
105 619
166 983
291 430
450 555
109 416
409 641
932 973
549 675
295 319
89 535
196 500
393 685
286 372
260 882
353 848
400 580
666 741
146 835
903 943
128 203
649 859
69 261
146 150
163 333
489 538
216 790
403 686
766 940
167 801
548 956
161 458
74 973
40 872
374 670
44 796
162 362
114 568
105 848
52 494
321 383
70 985
254 861
786 818
288 930
552 850
108 217
64 726
197 525
310 838
134 516
699 706
119 389
367 579
51 158
59 807
58 121
273 485
726 740
141 872
702 957
237 692
336 999
37 892
401 577
466 921
833 906
626 915
206 298
793 876
650 869
621 751
246 436
456 541
832 837
57 161
492 796
295 355
182 666
377 411
599 616
377 695
29 351
358 962
54 947
301 724
456 723
497 818
79 766
513 744
717 772
79 440
71 551
816 892
147 164
519 635
167 444
324 383
643 715
115 623
611 989
273 446
170 223
412 874
510 601
88 128
223 381
162 662
332 919
976 985
422 576
89 886
241 422
129 326
405 927
94 309
22 170
252 494
804 830
112 231
570 786
528 565
21 654
367 922
245 778
776 941
475 775
164 860
915 931
705 949
139 197
220 651
138 817
287 775
174 485
645 735
786 977
239 413
83 271
926 941
556 900
748 963
336 912
384 941
427 490
507 831
598 739
38 285
151 735
9 780
459 703
14 902
721 764
262 504
736 947
403 493
982 996
546 578
878 972
721 801
155 883
98 962
501 807
438 530
606 981
493 586
154 888
360 827
55 317
50 869
104 651
401 673
507 624
490 866
319 766
629 636
752 884
306 996
624 826
767 792
135 786
478 799
54 785
45 232
415 900
100 739
464 924
404 777
263 441
10 779
838 988
425 505
71 105
395 619
868 912
253 337
263 823
23 861
690 954
120 809
102 190
735 916
454 812
55 439
504 992
690 719
122 851
314 739
97 545
42 351
521 616
62 448
176 971
464 606
237 606
372 911
436 747
279 932
916 951
284 860
770 774
419 697
594 953
475 702
200 991
48 714
499 705
439 731
360 936
68 265
636 926
232 960
605 906
284 924
321 704
258 968
706 946
335 901
835 873
94 300
69 606
271 746
157 425
428 851
6 849
635 934
173 836
238 676
516 525
168 175
48 131
232 894
62 996
193 329
291 491
196 679
634 804
900 997
324 741
79 379
118 837
647 827
722 870
192 381
480 627
429 969
127 754
718 869
71 251
488 892
165 971
93 429
258 538
669 969
452 903
331 576
307 789
171 721
467 745
27 649
399 582
83 91
5 166
247 251
1 562
346 540
904 995
192 634
82 172
672 703
306 976
773 816
337 913
214 776
48 738
104 355
529 996
122 951
25 934
145 551
178 319
299 539
520 916
17 579
152 770
556 739
556 788
192 298
258 809
204 832
202 555
253 640
185 373
9 538
236 706
90 998
148 658
97 682
504 843
341 425
315 724
209 670
461 741
315 798
240 375
329 840
203 658
632 724
865 920
686 872
14 726
514 912
168 636
623 881
336 885
202 530
180 547
317 987
622 800
40 181
83 272
756 903
629 812
887 978
232 815
53 255
17 922
721 753
569 825
604 957
256 560
659 872
3 325
397 422
167 651
531 808
280 643
410 717
387 924
276 397
296 339
513 555
219 986
7 312
253 864
514 538
187 863
739 845
497 689
203 252
466 851
35 284
22 126
511 667
4 260
457 750
283 415
470 692
31 479
405 864
256 416
732 833
369 934
668 972
370 861
801 932
370 517
146 546
348 633
262 782
653 904
646 874
122 435
110 786
31 694
719 861
211 503
539 740
367 793
46 146
38 252
341 645
61 906
139 610
19 809
794 970
308 373
191 831
355 620
281 634
24 308
559 972
79 663
486 985
8 666
793 934
578 688
30 295
452 472
2 42
154 165
101 685
23 399
639 747
335 693
292 646
15 45
790 978
616 806
395 677
181 442
711 918
88 736
113 548
305 538
110 633
862 971
344 901
896 978
220 368
364 486
318 527
534 671
487 665
32 337
156 998
100 200
527 859
635 667
693 925
123 705
196 711
590 784
107 191
305 442
237 255
446 949
394 984
825 890
902 919
320 389
743 758
812 904
348 616
6 428
186 453
768 943
443 658
169 730
272 758
335 366
180 262
139 932
43 344
305 641
24 146
733 972
309 875
888 981
68 592
548 589
77 939
239 960
102 787
379 879
535 961
18 160
251 610
392 681
42 378
399 537
278 552
200 592
189 692
645 914
901 949
360 527
133 172
233 294
161 663
591 868
217 896
820 839
66 660
522 693
167 913
89 810
225 352
685 930
384 441
65 657
374 785
351 691
264 458
193 383
31 470
31 970
101 245
248 269
164 559
666 678
397 989
233 387
281 983
350 913
554 900
609 755
395 752
295 712
225 767
235 394
3 982
726 947
302 884
16 855
20 72
169 757
312 782
552 662
451 601
185 769
317 377
246 841
846 908
785 935
201 634
864 870
536 781
252 857
220 387
247 449
602 663
660 857
197 322
146 399
141 279
516 775
298 667
225 366
53 426
731 953
186 986
315 700
627 881
116 824
109 437
227 864
671 887
14 751
268 677
314 901
50 95
75 191
392 924
409 519
615 838
492 861
229 829
561 658
185 306
109 328
243 825
39 179
111 544
579 721
478 504
304 492
554 924
255 941
303 574
542 735
365 518
528 787
190 637
240 256
600 723
416 843
381 432
235 510
859 937
252 405
285 512
594 893
634 710
751 960
54 769
46 445
934 991
344 636
506 766
813 872
661 887
371 772
206 599
361 971
416 570
311 534
777 984
186 419
139 460
341 441
391 654
266 831
874 975
98 753
925 957
343 647
412 458
345 493
651 655
131 964
54 58
773 931
108 597
495 823
731 875
134 859
73 631
369 423
481 695
496 535
809 813
109 816
217 288
622 705
161 851
20 912
49 70
821 973
770 798
33 145
150 627
350 553
814 861
262 267
156 830
586 753
333 983
381 527
522 736
825 925
246 585
686 785
59 139
861 911
488 563
102 300
56 379
119 809
237 595
222 603
23 444
550 871
330 461
197 861
307 391
76 313
672 744
489 664
667 921
372 587
611 693
369 778
292 727
268 642
558 773
573 672
717 941
492 691
119 442
92 804
55 573
409 839
395 992
175 432
546 912
607 921
315 964
514 593
241 593
527 716
109 854
651 963
733 858
24 56
613 889
169 385
538 750
831 978
101 416
600 618
294 961
420 836
466 545
173 534
76 837
903 976
684 868
265 985
174 190
217 815
83 140
788 898
98 515
300 528
274 862
94 325
299 736
780 781
615 751
623 850
283 286
236 571
74 598
757 764
433 679
131 694
867 951
235 588
608 914
224 573
703 716
148 906
556 678
422 479
68 983
855 892
109 330
555 622
322 466
189 568
311 862
798 999
428 925
667 710
87 399
83 362
164 248
746 876
125 147
775 907
277 872
78 611
661 718
559 585
25 577
38 311
26 26
194 887
254 521
350 646
820 882
340 586
48 418
653 881
299 831
138 761
225 353
411 473
102 907
41 126
227 643
96 341
420 701
533 898
275 491
8 51
67 826
143 783
500 992
238 800
727 794
363 507
907 939
246 647
25 289
440 748
243 298
656 725
192 369
374 833
253 525
268 722
195 690
788 825
805 972
593 916
43 769
308 413
304 732
177 278
579 953
381 579
148 810
360 746
539 959
27 910
899 992
360 445
32 367
380 979
552 655
236 904
294 467
77 189
41 474
704 807
599 631
39 408
174 200
302 361
346 861
328 858
769 792
638 722
134 882
427 753
413 895
107 269
45 71
366 431
668 747
365 479
777 905
599 932
162 916
86 155
523 940
721 937
109 821
661 910
277 923
37 68
668 821
536 664
673 755
469 733
30 96
614 794
441 609
368 643
496 687
45 1000
660 932
581 672
175 934
35 597
383 680
606 897
115 304
289 500
13 198
29 608
503 650
533 814
237 247
214 726
604 890
66 596
196 799
456 809
113 892
113 790
160 498
672 960
307 757
157 745
111 257
239 970
700 929
93 244
124 815
149 554
202 479
303 887
727 838
237 932
321 673
805 944
808 902
338 477
72 189
159 269
152 776
17 426
743 786
481 683
532 837
79 930
137 457
286 486
172 404
670 841
959 980
190 618
601 772
243 514
627 950
420 826
482 785
457 942
117 801
268 565
152 769
149 540
249 877
223 812
174 193
72 358
281 962
13 965
738 795
97 132
209 303
382 868
17 300
668 691
68 387
627 802
376 835
483 614
168 977
120 377
396 841
42 504
162 193
410 668
365 468
6 329
690 859
509 804
393 956
421 955
170 192
128 169
335 552
402 835
233 486
691 753
725 910
263 636
46 128
235 433
260 615
446 523
545 855
135 734
694 945
158 885
138 462
317 969
95 116
550 651
540 916
99 756
54 846
262 380
366 675
121 524
478 686
342 849
115 177
601 662
458 501
11 996
147 740
921 953
589 652
68 483
440 718
642 892
791 896
1 783
239 354
272 526
72 543
517 769
539 618
430 941
699 855
572 618
694 711
596 943
140 827
438 530
87 268
727 948
190 972
289 700
97 513
560 969
45 738
330 684
574 773
713 873
472 972
185 958
151 248
66 931
154 416
188 730
672 718
45 869
791 824
798 955
150 291
24 107
381 441
24 50
816 940
280 638
405 806
662 909
232 765
949 983
278 989
116 634
906 964
855 920
166 506
462 531
366 680
209 232
64 368
301 625
93 213
180 381
150 623
770 925
290 388
25 463
442 792
257 875
147 845
696 798
234 914
134 812
331 530
541 658
470 749
452 550
582 995
789 841
216 739
79 881
554 634
96 306
387 1000
343 434
262 649
169 611
94 448
404 634
165 591
381 860
42 514
155 248
449 991
351 973
361 728
269 736
181 456
396 929
53 53
270 506
383 521
121 663
101 706
92 573
110 505
423 467
23 410
82 360
637 886
80 292
688 726
861 895
518 783
500 611
73 130
209 874
97 734
80 320
171 819
121 189
60 852
76 815
126 707
745 807
115 339
304 445
184 669
19 551
371 476
764 784
13 539
38 946
66 606
201 480
321 405
235 388
305 741
446 996
139 542
420 633
291 969
73 793
584 773
111 280
657 731
165 947
527 743
562 797
143 281
15 439
321 955
173 520
244 827
513 725
336 645
939 951
7 33
286 291
561 632
760 977
180 231
144 515
546 795
262 297
214 471
16 286
362 962
391 449
101 708
934 949
414 818
23 986
757 943
797 960
739 988
297 898
406 781
642 973
249 894
493 971
21 547
28 327
328 797
356 681
4 939
481 738
281 373
433 971
96 117
860 954
361 716
105 884
45 49
353 659
695 946
155 231
308 936
396 936
160 299
280 332
152 740
109 625
3 902
81 793
733 877
10 302
704 880
679 689
127 376
925 988
277 321
195 760
304 345
506 707
183 545
295 996
96 876
626 894
214 871
892 934
233 419
141 565
63 943
44 105
326 743
6 393
748 880
144 813
733 956
720 976
365 735
8 899
329 795
430 747
46 262
159 271
567 867
366 939
101 724
440 908
385 648
501 518
396 829
143 479
220 899
104 989
248 983
451 747
29 670
144 225
190 886
275 398
62 531
522 886
133 166
282 852
377 525
239 512
379 637
951 960
230 351
222 241
12 509
91 461
507 960
683 921
208 716
697 873
546 863
111 426
409 733
635 644
513 974
463 805
277 973
99 898
145 892
861 861
100 170
546 994
519 963
95 620
285 941
652 838
199 805
450 603
182 509
109 550
317 912
262 820
329 878
301 949
18 93
136 706
140 578
732 763
265 726
600 851
606 839
40 649
205 517
522 906
266 307
93 369
60 294
86 985
191 446
3 221
147 760
555 812
366 544
236 305
291 387
23 843
645 742
347 656
337 781
274 580
91 617
27 590
459 755
516 681
141 179
345 681
89 454
300 615
730 784
8 543
118 559
437 895
130 759
456 926
61 279
672 955
31 604
631 843
173 684
429 744
34 697
599 756
62 923
268 350
782 882
286 587
495 686
714 874
422 559
585 976
270 751
20 932
292 880
265 998
220 755
134 926
478 920
520 900
595 871
300 426
386 665
206 826
327 660
411 999
61 133
879 953
128 705
66 479
411 951
697 847
315 499
906 929
137 909
152 521
479 857
388 792
329 843
221 577
469 908
62 841
632 675
207 861
125 578
151 424
328 430
87 494
44 387
8 143
639 666
601 634
43 546
740 788
510 890
272 466
472 846
457 858
50 141
335 629
116 698
275 487
174 333
522 536
943 992
525 545
15 508
107 614
613 678
23 271
284 697
125 173
84 261
12 328
446 661
131 740
147 709
376 942
660 699
533 935
325 670
200 781
136 583
196 571
662 869
194 357
849 988
368 982
784 936
437 486
507 930
487 593
258 436
595 975
256 853
426 878
225 249
2 399
84 414
23 415
291 777
272 736
407 901
72 341
270 547
13 772
319 422
29 938
125 641
382 894
561 917
397 788
25 512
3 312
294 521
328 861
770 907
686 1000
245 510
174 941
509 797
118 783
464 944
295 613
548 961
601 967
858 881
535 931
514 803
650 700
763 971
99 898
287 975
619 989
83 693
509 873
801 825
886 960
485 722
70 701
524 812
123 375
903 966
195 290
3 894
206 489
729 785
818 936
530 905
59 711
608 752
257 838
467 681
672 998
496 572
588 878
286 893
238 433
102 741
684 900
493 766
804 999
224 994
183 585
126 917
195 410
16 648
421 780
643 900
739 905
816 935
100 220
333 422
25 313
33 294
419 591
764 825
209 572
509 921
219 634
594 798
519 942
62 496
91 723
492 988
721 795
297 676
290 912
175 218
224 493
152 312
353 941
317 720
510 787
191 952
109 990
148 219
802 938
11 964
110 400
28 663
551 834
138 781
435 730
524 764
367 952
65 930
314 651
52 298
577 643
397 592
47 712
66 930
663 811
52 846
106 356
566 829
310 728
73 205
165 207
264 346
718 822
373 915
592 835
616 731
164 309
477 912
754 880
188 854
495 599
135 207
22 741
445 836
258 545
69 934
182 816
171 329
391 867
463 634
729 906
291 364
624 831
16 404
142 984
383 384
167 297
463 830
311 315
260 326
100 753
68 485
32 413
100 311
822 963
607 893
592 974
29 757
156 661
431 719
71 632
180 622
426 543
521 740
38 798
74 984
346 630
446 978
168 341
515 967
277 447
135 712
702 757
104 650
571 813
695 988
236 718
288 758
365 562
464 585
362 981
19 331
417 452
334 794
136 712
87 403
27 166
313 370
435 903
114 880
221 626
55 368
157 666
438 489
190 242
181 674
168 391
30 252
51 345
83 771
557 676
684 845
202 593
524 955
87 97
83 546
185 913
479 678
655 708
524 820
526 986
229 554
260 300
244 446
182 787
334 760
703 886
407 779
314 488
46 429
488 662
829 907
235 526
808 819
122 237
335 811
520 568
73 245
676 854
693 810
635 830
95 484
88 403
32 698
44 939
538 834
435 523
181 767
181 500
430 902
902 938
26 178
244 353
700 816
684 716
792 857
59 747
511 670
627 632
255 833
249 561
582 923
182 919
580 927
426 600
405 520
567 743
257 530
46 992
415 503
578 632
504 769
759 981
153 910
454 569
170 815
296 387
150 266
590 830
71 318
861 990
104 994
187 335
126 529
388 619
317 473
158 159
324 447
115 411
558 726
159 547
253 733
41 709
566 570
787 876
489 768
138 183
249 492
128 355
395 752
252 744
69 941
58 451
95 392
9 480
248 719
446 645
310 556
39 113
346 835
726 915
179 971
13 146
379 931
554 853
260 261
13 866
404 560
277 348
552 631
470 577
439 837
454 990
555 688
333 710
103 842
105 214
903 927
526 543
542 617
512 769
359 363
230 943
573 577
63 773
406 944
335 589
240 809
461 562
97 204
551 637
8 348
111 683
468 568
249 872
599 850
235 815
354 739
37 464
697 939
472 980
388 443
168 922
56 308
170 949
365 601
631 692
252 788
479 548
494 507
323 533
434 459
98 688
303 553
79 176
589 978
232 278
323 665
202 669
536 664
31 33
678 747
721 741
135 952
173 438
878 999
356 472
585 849
608 931
96 250
516 918
84 518
40 590
388 626
54 811
436 875
881 980
203 865
145 253
422 982
6 443
269 490
224 254
346 498
746 937
76 429
377 797
559 992
117 435
693 957
121 578
292 895
574 771
378 804
392 434
224 410
103 516
234 683
110 827
313 866
436 958
456 801
3 718
328 584
137 160
162 916
192 287
182 187
520 879
86 835
171 336
293 603
597 625
196 284
186 224
302 591
125 709
490 598
740 768
448 768
538 917
450 707
43 992
159 357
239 340
91 464
346 860
185 548
17 936
497 656
336 532
675 833
208 585
691 718
346 943
118 741
571 919
181 412
806 983
72 429
2 393
334 400
157 658
413 546
241 336
753 955
113 451
506 888
277 545
69 932
605 831
733 911
285 643
183 392
170 795
646 893
26 92
146 919
251 967
152 915
173 561
502 754
465 903
409 788
785 928
445 953
178 780
982 987
352 953
426 948
595 612
39 617
593 724
718 755
288 874
359 715
210 215
467 929
381 492
789 927
327 499
731 962
500 928
568 720
289 879
512 620
143 846
728 752
414 487
181 696
378 750
653 963
264 812
494 897
133 415
767 936
578 912
309 509
149 468
262 621
189 564
956 965
83 196
686 931
58 298
284 502
155 413
267 709
24 853
192 503
187 664
203 489
233 393
648 887
134 347
160 688
301 590
331 511
410 938
131 822
33 132
367 963
235 400
390 399
206 250
348 511
154 628
197 981
105 710
601 769
804 858
785 940
138 465
382 528
452 939
558 729
543 871
559 640
758 926
193 446
49 634
34 965
276 820
631 1000
338 820
133 928
377 835
110 362
106 236
466 650
802 956
184 591
112 878
385 948
285 823
565 831
294 373
749 945
91 469
421 468
705 748
228 279
573 662
183 795
327 904
223 802
174 273
476 869
250 350
7 900
307 685
453 817
315 860
239 481
460 572
31 898
481 750
12 710
849 962
666 732
516 846
127 971
503 940
396 414
71 498
366 811
556 595
442 639
322 365
585 810
696 948
705 981
403 462
59 379
10 368
636 704
23 465
124 809
301 578
696 891
513 521
22 614
7 408
481 870
306 557
357 397
52 256
163 202
134 868
201 389
454 609
196 529
82 567
356 438
321 947
270 531
78 886
641 769
96 320
290 841
436 449
148 189
133 217
553 826
759 893
627 975
156 368
222 262
208 588
49 631
35 889
81 815
353 551
686 702
209 708
114 314
1 726
855 911
89 337
235 343
52 245
4 717
132 755
75 927
82 715
262 663
907 944
53 568
588 937
627 748
81 94
584 797
750 957
53 514
69 254
208 491
176 734
58 752
224 983
350 407
297 556
561 759
823 978
61 665
8 947
298 694
226 953
753 876
290 797
471 982
114 388
715 898
210 806
308 407
200 895
318 632
875 962
501 700
297 807
672 848
325 876
30 136
803 845
428 819
367 545
93 482
647 917
209 308
705 763
373 486
279 793
114 766
197 764
539 575
163 346
197 300
700 851
34 109
51 872
592 690
579 785
354 700
71 789
115 187
33 769
476 794
367 882
63 605
45 839
5 86
155 286
186 657
392 454
448 859
172 838
626 690
568 719
407 418
365 758
861 928
79 848
512 920
354 401
25 574
198 690
174 405
113 893
310 927
691 724
490 795
767 776
971 979
377 509
470 529
584 752
460 543
41 963
494 713
40 935
774 856
244 691
14 377
243 846
64 943
117 534
65 512
150 292
110 177
533 792
5 325
567 819
301 355
547 556
163 290
59 939
395 940
446 566
540 585
578 693
116 651
255 255
530 999
285 539
278 465
479 834
642 860
232 827
274 892
515 922
150 670
511 863
516 563
549 619
549 613
614 818
257 651
131 152
186 991
194 997
231 289
142 451
354 652
119 614
668 769
632 803
114 136
19 653
442 652
439 892
279 488
308 899
127 214
392 806
71 988
487 811
307 313
633 996
626 684
425 959
194 887
500 903
728 735
650 699
19 108
72 546
157 960
721 883
63 855
757 858
201 632
649 939
283 904
654 690
242 295
196 990
84 666
191 959
190 474
227 322
736 818
10 319
260 613
92 129
817 857
320 735
882 892
495 912
479 733
218 295
289 764
425 938
757 924
938 972
201 549
700 860
65 729
513 753
245 742
307 312
440 966
416 578
147 538
487 697
43 586
63 994
60 976
150 521
364 616
675 853
13 246
52 963
508 924
477 575
118 351
125 908
90 142
593 653
279 646
68 560
209 240
886 970
489 569
729 914
604 796
144 902
374 810
550 859
250 726
210 745
57 640
146 847
51 342
531 593
267 531
468 967
180 400
513 680
436 617
131 825
156 187
435 960
126 883
469 953
494 665
155 399
428 847
33 993
269 649
634 950
6 754
412 852
250 622
768 818
454 490
643 976
140 241
174 392
58 679
506 652
213 466
151 476
158 704
486 768
682 965
86 725
197 294
607 837
655 985
184 251
800 854
43 417
450 697
385 649
738 832
253 828
503 846
43 368
445 562
201 919
102 999
14 381
343 473
557 815
504 763
71 304
639 816
390 477
221 803
36 44
367 859
390 482
418 597
523 958
96 961
586 900
177 938
149 565
107 348
255 350
8 822
164 507
518 840
437 494
162 308
194 239
126 392
882 887
273 982
459 571
50 464
183 556
463 848
441 917
220 511
43 93
754 876
184 291
534 951
112 187
515 792
487 930
176 264
624 783
429 618
818 948
901 920
212 733
22 257
419 781
196 621
517 887
250 759
637 807
150 275
218 604
266 483
797 952
80 937
359 836
441 560
443 706
672 838
111 645
152 692
417 587
615 968
447 638
298 774
64 346
92 455
371 924
83 554
254 658
126 445
382 789
601 694
554 624
721 946
553 791
251 832
165 911
227 943
685 917
130 554
274 740
39 162
16 740
138 643
470 645
467 594
186 396
367 890
11 478
522 987
26 426
116 398
141 933
120 547
164 674
513 853
393 490
18 595
723 919
64 116
191 631
165 317
857 918
5 781
51 524
414 465
431 570
440 849
346 854
644 917
432 441
132 245
733 748
272 677
435 546
167 273
135 421
55 521
734 873
241 559
338 691
823 980
94 612
163 682
925 948
425 454
448 815
867 948
694 780
239 575
282 945
607 871
33 959
737 756
670 822
221 525
15 668
394 672
588 994
703 914
419 606
449 807
195 339
382 933
380 698
561 791
482 699
952 953
440 952
737 900
313 699
110 787
699 963
277 878
36 140
710 821
775 897
218 567
704 972
101 674
444 883
800 969
147 834
384 483
666 774
634 783
74 733
430 467
627 717
530 998
310 530
103 671
77 130
35 619
391 717
245 493
215 380
919 921
575 909
548 801
429 871
701 950
552 808
129 756
312 312
460 529
527 643
101 809
567 715
154 711
147 679
539 948
805 872
166 850
615 694
406 455
258 365
72 120
179 685
4 571
166 972
167 950
521 910
746 857
440 531
769 948
181 613
188 926
409 988
83 619
478 911
195 214
847 950
104 427
162 821
120 731
170 836
65 678
368 916
2 221
280 648
52 220
608 784
158 227
170 220
189 814
317 358
177 273
97 324
127 497
348 975
125 435
240 788
297 634
224 709
320 990
357 624
208 500
398 748
360 829
552 750
217 267
431 756
86 710
644 816
542 835
370 451
361 597
323 684
366 877
301 861
470 765
641 659
137 631
587 776
39 889
715 854
387 861
542 621
261 886
144 584
839 919
200 753
447 696
115 498
233 723
209 882
296 316
190 822
178 961
11 647
187 944
415 761
359 630
200 938
140 918
534 758
145 270
202 489
811 920
238 401
269 921
251 713
201 449
246 510
34 388
180 376
3 860
172 348
853 865
601 780
86 663
414 902
375 724
857 858
872 876
110 862
420 967
420 656
80 671
8 485
673 686
285 358
41 178
322 444
600 824
350 514
323 989
217 837
45 711
442 796
36 640
371 438
493 796
180 546
486 641
55 278
498 895
500 861
422 486
627 649
569 919
809 962
217 321
586 680
823 921
369 916
176 227
416 734
349 358
464 673
299 300
307 777
339 863
662 771
149 172
901 963
293 735
192 545
653 759
397 975
598 845
67 316
263 395
93 523
75 546
141 872
421 446
200 414
305 589
65 947
14 798
4 655
47 188
347 814
209 947
81 740
1 601
83 321
23 958
304 903
383 546
273 694
133 868
145 628
173 915
298 862
238 735
225 796
188 906
13 177
196 410
589 593
479 502
204 503
127 234
352 965
477 494
731 961
718 796
299 393
106 685
151 536
498 980
348 483
106 586
462 850
244 776
7 144
222 789
769 874
67 700
238 332
81 112
208 403
26 927
75 902
284 548
185 334
106 415
572 951
276 687
74 944
769 914
291 750
560 930
126 706
67 218
38 871
176 936
752 939
236 243
509 640
861 872
289 369
222 520
39 632
632 684
348 936
180 234
453 573
371 461
20 272
327 518
88 192
772 907
208 821
207 377
351 788
578 945
243 885
38 777
510 626
741 815
246 899
68 561
384 500
850 920
211 652
464 917
741 925
102 656
213 686
175 628
736 961
633 929
118 643
118 192
187 727
105 709
303 903
337 655
502 529
409 917
562 813
160 288
50 749
611 803
149 221
380 670
137 412
673 838
568 870
122 763
463 993
89 169
183 544
572 733
158 328
491 969
347 959
357 706
124 731
207 695
811 967
181 963
105 543
236 480
70 586
218 466
802 988
307 751
204 707
286 672
560 584
295 652
86 123
133 869
498 699
793 840
689 930
513 567
367 957
311 677
258 343
26 634
249 357
2 769
189 191
2 862
560 913
137 585
193 573
28 251
432 795
170 541
592 959
347 915
430 824
634 875
335 740
806 978
46 142
81 866
456 918
273 376
26 419
17 421
23 613
477 899
30 639
66 846
349 719
252 347
56 645
164 696
39 768
330 583
2 288
710 823
20 73
40 299
447 728
555 719
322 944
481 609
629 944
289 817
651 808
295 737
360 643
385 456
6 984
496 855
338 790
671 827
235 554
273 723
577 869
192 367
32 288
637 764
468 976
132 320
565 910
325 398
138 535
651 757
163 165
183 961
830 985
696 954
462 515
330 726
208 629
234 820
557 866
223 409
580 599
192 919
416 732
481 836
73 743
145 863
837 921
432 748
246 957
318 492
286 346
277 548
562 889
434 747
473 886
341 855
39 943
31 336
634 665
641 763
393 600
64 777
117 920
31 282
266 377
253 284
211 671
340 579
582 755
824 838
285 641
213 811
91 373
434 582
362 414
356 686
414 522
567 964
130 563
86 512
89 90
98 775
8 203
121 999
345 983
201 358
165 227
185 556
286 302
489 709
425 462
481 993
173 443
589 778
94 856
468 661
121 497
513 862
185 901
417 492
205 250
181 585
336 831
754 961
317 805
72 439
795 833
445 616
48 536
323 481
715 966
336 419
378 384
689 941
120 317
20 964
238 519
386 449
328 485
259 440
612 740
199 272
621 841
377 699
761 988
565 827
641 884
560 932
640 689
519 713
437 581
418 811
135 813
251 285
389 770
464 493
129 509
390 394
172 788
13 685
496 569
243 406
155 372
136 234
323 423
775 929
31 579
385 392
283 712
256 964
205 484
543 864
137 607
610 724
700 822
218 238
171 254
213 746
128 756
600 727
150 299
743 752
800 975
173 846
208 530
83 503
784 819
653 706
79 566
340 770
124 403
863 969
90 312
400 485
183 924
518 598
836 949
378 608
33 237
401 492
28 35
408 462
318 745
857 988
380 945
684 814
236 236
537 809
617 939
552 660
519 735
473 656
196 336
133 769
288 545
21 944
373 729
161 310
272 336
608 794
72 295
347 372
661 923
236 860
242 701
286 945
739 868
9 959
278 758
686 880
143 168
480 650
179 724
331 506
62 788
618 659
790 908
340 812
395 808
660 770
60 722
305 617
58 578
292 690
80 966
316 995
232 722
179 855
69 895
289 591
330 441
508 745
182 227
438 625
407 913
32 398
248 681
623 862
984 988
1 598
309 381
267 763
128 986
124 551
194 756
564 782
925 931
707 787
425 438
165 598
495 539
248 323
313 654
266 801
126 694
12 253
92 176
231 417
157 509
52 986
1 288
116 488
141 191
73 196
769 900
438 988
321 484
379 873
40 344
527 876
755 813
55 59
468 540
275 803
797 963
250 306
123 870
406 956
108 171
337 513
240 697
330 869
608 861
636 741
493 915
763 890
569 629
348 826
179 193
288 430
124 575
95 959
285 636
157 397
64 621
453 634
466 643
313 928
208 953
140 173
131 211
12 558
545 660
213 434
905 940
60 522
61 545
824 832
18 830
79 535
921 937
31 78
402 723
626 985
49 889
447 742
422 746
229 372
520 570
639 725
237 848
812 936
107 273
278 415
215 795
112 883
359 553
527 926
60 354
70 218
194 226
53 189
613 746
265 639
79 453
99 214
615 870
394 470
688 868
107 168
672 813
138 435
16 769
184 565
748 843
309 352
128 611
921 924
793 805
363 531
387 866
407 917
169 704
134 980
293 643
230 300
792 840
848 990
392 803
52 263
859 903
645 962
479 894
222 249
563 724
429 807
189 517
207 994
152 291
176 980
216 429
123 652
45 828
323 574
81 846
122 772
594 750
27 320
216 536
488 808
216 443
585 751
586 947
19 667
236 383
480 655
33 551
521 570
67 502
399 970
828 866
585 806
441 953
3 204
394 634
789 965
416 716
225 471
92 532
522 575
222 758
68 227
210 710
277 727
242 762
727 855
467 819
312 680
306 764
23 745
57 912
65 756
540 838
131 262
21 221
68 469
223 828
674 815
708 943
625 877
66 284
201 420
27 698
470 909
402 647
35 997
319 906
242 411
350 528
224 519
115 361
756 990
467 903
612 614
207 366
182 491
931 983
246 591
314 578
77 190
180 305
168 426
316 328
215 433
555 634
676 837
13 873
502 945
296 923
679 703
139 345
1 720
816 918
427 833
551 677
811 924
639 926
851 873
520 732
12 954
330 391
671 746
181 820
93 529
556 726
184 831
227 448
38 374
7 448
395 647
759 761
131 424
215 891
270 426
67 644
87 759
577 828
693 973
384 587
9 324
416 469
27 583
354 375
13 145
620 800
556 811
645 853
86 866
614 945
43 361
312 449
484 923
534 672
193 865
359 708
646 723
855 879
719 761
500 605
162 539
147 343
370 815
127 992
224 371
87 217
566 650
277 856
264 360
417 771
296 856
285 288
278 731
605 949
439 447
731 754
853 987
2 740
130 600
122 295
378 747
105 130
380 599
681 858
372 812
624 986
194 213
609 652
374 598
210 420
223 476
8 864
436 950
68 460
630 978
315 603
868 968
447 820
253 714
209 651
453 946
131 319
337 440
217 318
216 502
366 872
245 464
321 772
398 890
336 926
160 513
567 934
683 849
771 821
119 893
331 669
475 835
162 534
104 225
189 360
608 831
151 217
115 393
47 848
75 228
560 727
694 950
610 949
456 728
86 766
280 636
312 967
77 431
94 494
514 709
138 932
390 478
214 912
278 696
536 660
523 748
202 228
314 722
892 992
841 918
20 365
351 568
279 446
84 577
719 751
120 425
207 963
12 218
381 384
443 823
16 481
20 189
750 756
185 920
232 669
174 723
410 790
252 594
379 522
96 417
561 954
84 648
415 885
301 370
241 252
374 746
334 375
673 776
7 845
226 328
352 744
633 721
307 739
99 877
51 314
390 508
420 616
438 586
530 664
548 916
28 1000
534 708
290 514
168 359
391 882
252 775
566 930
483 653
279 377
209 273
144 849
421 586
153 265
629 975
479 829
94 159
354 874
97 883
311 938
751 917
4 282
148 516
188 995
674 953
461 657
188 210
187 570
40 353
641 840
372 924
13 463
195 431
140 212
7 356
175 682
396 963
687 757
93 369
364 444
180 475
344 836
689 882
632 843
352 430
547 780
510 743
143 753
610 923
392 527
283 774
446 975
225 735
491 643
313 377
560 666
333 575
692 822
684 852
330 361
155 301
713 867
432 949
897 963
142 675
551 680
126 455
308 404
244 266
258 417
123 711
368 628
238 718
331 740
99 536
227 242
145 340
43 247
343 666
483 897
218 640
168 497
244 903
730 801
339 369
395 543
148 923
523 811
580 690
994 1000
73 269
204 682
428 881
319 424
306 839
238 499
801 984
98 346
609 746
371 458
656 829
364 899
43 883
195 442
344 601
35 947
37 730
305 716
667 667
599 640
265 971
505 932
3 867
712 1000
509 566
89 266
50 287
442 793
833 881
680 750
410 952
308 331
80 968
314 409
412 760
253 748
900 913
224 435
501 677
348 916
657 919
271 648
277 507
457 927
410 589
696 833
55 584
638 991
173 535
605 800
312 408
485 910
193 999
18 968
361 969
209 246
96 994
183 239
4 516
149 620
108 162
7 716
460 809
548 793
698 957
199 867
228 920
123 280
500 726
164 701
167 214
85 400
229 878
596 913
659 876
223 934
334 831
125 420
553 781
105 200
206 588
158 577
238 480
173 973
333 459
401 644
207 824
2 704
243 932
626 647
263 495
231 529
735 775
521 984
424 779
300 359
623 890
70 493
182 701
93 113
667 681
34 893
275 793
809 842
144 267
474 894
174 270
184 417
319 973
49 274
148 263
135 319
212 531
13 313
37 470
242 507
544 662
117 418
224 532
662 810
246 246
967 985
409 882
765 786
582 962
958 965
419 633
570 631
25 917
522 687
246 830
744 915
247 994
287 332
10 715
48 189
153 261
260 402
645 723
191 663
539 644
36 854
151 627
98 427
531 901
133 761
207 937
279 387
438 872
32 290
90 974
399 524
400 878
467 489
138 180
197 674
246 446
301 953
491 497
181 549
100 491
516 882
135 176
37 41
328 366
368 759
508 541
272 309
599 673
326 776
670 860
26 492
616 778
303 336
513 919
729 780
390 934
230 315
471 986
133 762
57 628
317 862
478 918
287 748
141 493
109 709
480 741
364 829
565 911
177 294
30 871
797 975
168 625
320 363
182 841
19 469
156 201
73 713
606 778
615 835
253 277
511 727
638 748
353 766
216 454
246 336
162 462
722 802
693 895
206 725
679 687
429 927
597 641
482 680
322 460
345 489
322 869
40 545
63 913
578 855
809 836
133 386
175 451
189 922
270 415
128 677
587 944
324 427
192 481
27 741
842 904
222 399
6 291
233 430
513 794
303 683
566 973
43 488
351 415
149 430
162 351
880 922
662 859
704 925
756 819
38 117
71 185
180 292
192 882
590 604
225 708
616 848
121 390
98 814
61 371
649 785
242 283
236 948
193 279
444 990
718 803
93 736
116 754
186 327
229 649
375 550
430 580
235 344
504 507
788 998
721 959
148 764
20 275
721 788
23 501
200 628
290 379
744 795
131 802
304 965
57 456
76 777
113 899
532 754
85 570
51 984
482 889
85 927
171 935
143 831
451 871
336 477
307 444
298 756
548 996
529 841
381 754
433 884
669 944
662 899
194 896
710 812
199 403
5 914
124 912
324 621
547 565
68 657
583 917
877 941
103 371
248 328
187 620
365 793
387 754
257 798
424 689
461 551
424 797
798 986
439 763
418 774
303 894
6 190
140 344
528 879
67 758
398 745
439 859
226 970
141 360
157 683
552 778
190 404
197 960
491 873
450 912
135 754
649 907
694 846
526 562
742 939
385 741
398 772
666 875
27 947
17 95
803 861
101 229
494 794
219 670
587 741
546 596
227 447
245 277
25 509
91 99
470 857
486 777
303 937
34 764
160 859
455 754
588 905
276 777
78 637
798 863
152 515
790 888
146 833
161 343
738 979
291 652
730 888
85 173
136 592
282 375
718 821
178 829
166 697
2 442
705 795
8 570
358 948
77 542
835 870
720 974
430 561
704 955
627 718
268 572
269 755
63 998
293 475
246 680
306 528
426 559
406 560
149 158
241 904
154 349
10 140
200 940
64 960
469 872
312 690
469 833
648 872
177 521
60 436
235 989
61 827
45 873
511 954
453 582
240 765
53 332
290 871
388 477
37 498
87 660
82 309
141 749
326 959
362 550
16 255
429 921
179 922
148 198
470 635
67 581
619 768
846 846
534 693
458 793
35 448
779 870
683 899
194 310
271 427
11 33
475 588
219 340
830 913
171 566
671 697
522 615
529 735
794 859
575 774
105 998
431 871
212 650
40 166
426 808
384 570
702 814
55 818
465 545
61 295
806 806
139 790
394 741
32 603
186 535
294 893
451 536
269 537
64 671
175 715
450 714
25 177
215 252
551 989
281 664
523 719
76 486
374 760
9 522
506 880
290 971
78 761
709 762
360 818
71 572
679 702
231 600
348 889
1 176
326 536
271 545
312 780
570 570
243 517
368 475
323 367
663 832
334 338
101 185
173 303
656 973
49 351
54 181
43 66
529 832
113 317
340 477
242 667
199 910
495 908
159 263
743 839
47 260
296 596
296 861
272 806
17 130
517 624
511 667
799 921
217 515
290 449
37 159
385 414
241 974
181 317
581 671
30 153
6 381
556 577
240 613
617 647
574 967
291 707
893 985
223 649
333 576
529 534
606 814
487 992
110 759
411 443
67 268
337 590
446 696
288 855
919 950
761 860
66 637
436 875
481 606
251 687
450 517
410 948
51 838
387 507
701 988
34 884
193 395
125 563
468 493
887 890
306 502
248 400
272 839
346 588
25 963
240 565
509 664
829 904
572 604
309 514
247 804
68 789
686 985
652 977
714 856
137 923
228 650
59 478
570 605
245 514
399 920
36 685
539 718
777 992
342 933
201 302
572 854
35 291
19 62
3 381
435 697
157 218
409 717
33 151
482 896
340 913
211 894
477 583
45 512
196 860
7 388
136 623
633 642
130 594
150 896
540 834
322 709
292 788
295 837
389 572
784 919
26 91
277 290
549 874
220 414
91 612
117 838
884 922
617 702
467 494
780 819
205 961
496 947
191 222
137 346
819 974
563 948
116 515
577 591
770 969
104 700
139 518
191 550
694 862
16 319
72 546
53 550
414 520
709 955
126 610
15 268
226 343
444 509
144 749
275 385
38 917
318 704
237 560
698 731
685 749
668 933
235 554
460 722
127 716
512 681
167 986
31 195
826 924
316 891
138 618
163 207
366 789
86 406
335 639
243 936
167 631
419 710
24 566
239 858
129 572
749 900
740 884
198 522
224 994
566 875
469 856
832 989
271 765
27 911
435 506
226 698
176 412
439 814
464 999
771 839
295 555
465 877
627 997
750 992
294 721
151 247
306 370
575 779
13 309
854 926
268 660
518 969
317 696
203 994
109 290
309 477
803 858
558 975
276 576
47 211
270 997
259 636
313 773
55 666
227 324
258 882
37 814
157 913
594 595
599 707
685 881
202 902
53 728
38 164
392 451
897 954
245 682
703 909
238 672
962 985
97 651
859 990
86 873
651 688
482 680
294 300
397 567
29 327
691 738
456 981
44 834
61 772
310 589
643 654
611 924
379 976
211 709
663 952
590 867
34 346
495 540
561 902
582 668
640 821
31 122
755 904
561 758
154 817
209 506
138 349
271 929
161 562
535 661
455 565
124 828
848 852
677 832
42 258
33 127
316 356
777 804
137 734
481 556
753 838
394 691
356 480
259 937
153 690
525 621
145 185
10 31
400 618
574 848
343 924
433 766
348 759
318 653
572 780
94 784
547 959
73 324
94 191
92 236
407 494
298 602
129 256
691 966
12 860
278 901
506 572
569 863
305 583
443 750
315 711
266 920
377 617
544 883
159 533
228 705
365 478
120 246
346 542
778 899
309 315
465 753
261 601
465 703
818 839
142 466
69 681
75 365
214 604
187 703
20 886
220 500
170 923
348 410
232 333
104 806
98 459
507 875
220 900
31 910
656 710
3 276
64 565
427 446
245 779
208 608
483 704
683 967
152 511
250 969
253 967
55 900
445 743
25 673
503 688
469 884
330 492
412 753
813 927
801 933
564 659
842 859
276 818
224 341
349 901
206 290
434 901
304 872
9 873
176 979
361 539
228 332
330 396
77 641
597 906
23 241
730 888
204 966
203 310
531 859
540 597
559 844
26 545
444 900
348 560
730 793
161 190
318 522
204 401
102 991
7 186
298 386
676 678
470 624
127 430
68 477
557 941
588 740
83 206
217 338
473 989
189 258
290 950
474 727
82 181
544 623
518 601
331 739
348 479
19 367
93 635
417 589
541 882
155 750
216 967
416 989
685 706
891 921
480 839
803 973
45 468
83 891
23 44
363 885
626 898
214 577
703 771
19 303
598 819
505 985
427 712
422 679
341 989
33 338
144 759
970 988
494 879
367 883
6 102
163 713
655 870
72 860
820 833
391 966
154 991
5 762
271 703
78 717
6 273
333 810
177 607
201 796
487 669
497 628
95 879
104 182
613 876
424 645
141 425
263 347
622 801
336 964
688 798
79 842
77 410
251 675
330 754
337 983
488 997
327 422
184 974
890 903
592 648
26 308
807 916
804 819
35 636
68 541
85 570
551 849
558 988
218 709
195 933
620 695
253 318
251 286
373 414
137 485
232 386
609 940
71 246
239 994
463 717
75 210
389 536
58 578
66 377
64 298
270 948
671 762
548 820
64 313
126 737
456 824
401 604
60 613
261 440
277 289
87 656
34 509
54 901
22 538
5 296
190 827
129 318
157 885
474 895
58 116
23 174
812 882
333 758
363 440
97 246
97 137
78 927
354 856
189 345
664 808
56 483
534 782
527 721
160 896
239 314
475 515
166 857
310 614
26 604
187 247
592 772
778 998
269 422
615 970
302 661
190 944
906 968
66 727
122 157
235 270
252 411
472 536
497 704
54 535
220 297
37 704
457 771
881 945
757 821
435 786
173 691
505 622
335 449
603 796
39 803
389 708
413 955
72 341
385 397
592 612
129 979
81 380
446 814
162 552
310 341
150 369
58 396
27 971
375 924
659 858
13 147
331 931
30 479
173 563
471 948
607 879
385 975
566 595
342 545
372 926
340 887
243 512
420 622
442 852
582 706
436 950
514 889
405 984
225 897
442 557
91 476
37 113
11 171
420 602
522 759
140 235
369 789
36 770
432 734
171 856
173 671
62 645
441 680
103 152
70 746
300 525
10 281
309 330
86 384
74 195
390 823
389 814
139 480
435 622
53 494
698 791
249 888
657 737
540 646
147 735
899 979
530 952
268 414
473 503
788 965
875 954
147 922
251 798
165 501
329 749
335 545
796 907
413 428
647 780
112 943
388 595
500 922
36 585
19 801
154 583
777 987
786 797
911 989
169 436
235 956
773 824
357 676
262 381
33 210
933 940
430 635
34 826
439 500
405 605
385 862
203 797
185 312
92 594
340 872
163 471
214 750
199 856
356 368
226 649
133 523
446 672
325 843
406 759
779 808
655 839
217 258
362 548
128 844
156 404
23 110
671 880
17 923
108 732
54 192
334 666
492 699
757 865
264 901
425 504
187 612
123 392
764 864
216 345
363 470
272 357
391 998
285 393
243 467
487 816
223 801
471 473
43 465
914 923
457 968
448 772
449 530
177 779
147 816
659 880
456 462
266 332
168 439
156 244
224 271
299 525
394 415
365 783
108 567
295 551
249 710
88 534
292 594
486 491
111 153
63 400
224 305
301 704
151 525
177 547
660 791
559 855
132 429
152 176
334 385
140 430
122 601
525 707
190 541
417 812
666 732
787 925
84 481
190 225
96 499
312 852
49 908
606 960
105 123
578 808
298 757
895 960
464 526
337 635
578 718
115 120
692 884
58 320
112 929
214 900
125 963
306 399
264 544
21 645
723 740
106 514
401 952
852 973
136 485
271 577
38 470
515 578
113 761
259 506
257 382
23 806
712 977
74 103
332 539
424 854
271 286
273 957
731 970
623 789
113 575
314 872
56 718
216 895
392 973
362 509
198 671
332 392
367 394
440 854
320 330
382 428
258 431
676 784
215 465
735 889
67 976
765 863
855 983
512 915
495 568
382 760
79 274
44 494
433 753
663 968
62 509
44 284
810 814
791 834
415 884
101 203
293 500
193 642
489 508
589 811
297 298
319 359
813 836
591 711
199 330
495 708
40 617
331 794
1 906
13 583
551 564
366 562
108 301
566 696
510 703
525 771
482 773
3 780
345 956
84 340
280 798
710 897
586 868
341 598
377 916
141 288
190 228
779 821
441 705
589 804
430 865
763 765
794 948
547 959
354 874
32 903
743 896
38 68
752 898
69 740
745 923
123 441
564 595
274 910
503 559
387 971
109 484
236 926
646 898
98 413
498 841
32 191
448 897
824 997
248 978
215 480
197 308
203 863
256 756
163 498
5 223
409 724
437 716
317 550
303 755
338 839
333 541
14 495
163 653
326 599
342 844
159 533
385 587
780 877
23 28
101 144
608 760
758 936
847 859
229 667
325 792
510 801
13 31
282 961
412 516
155 201
687 901
205 707
301 945
17 414
802 997
376 776
133 843
156 164
173 286
372 575
569 936
104 331
675 831
303 859
171 223
25 665
818 832
101 789
118 559
199 836
133 819
267 933
78 92
385 629
204 429
89 119
946 975
190 865
66 331
546 994
344 893
374 400
1 830
877 996
195 662
461 945
121 483
507 665
386 889
92 544
534 884
861 913
283 609
431 510
707 744
110 266
5 340
504 870
899 950
389 797
189 991
785 951
4 126
250 455
252 589
594 998
254 365
290 723
94 314
370 532
66 849
514 759
417 785
487 968
279 872
656 953
466 531
233 318
326 879
160 489
386 487
39 441
400 828
445 892
205 998
12 673
226 900
575 824
49 488
22 156
590 946
230 349
747 931
426 888
149 949
327 745
429 890
55 401
499 984
508 942
758 848
44 743
152 639
59 173
1 612
30 515
15 691
28 743
694 998
943 980
266 572
59 815
11 544
385 778
553 722
728 967
173 804
282 527
134 143
634 875
614 805
20 940
719 921
697 872
944 966
162 230
126 521
329 620
316 834
273 849
329 751
708 794
765 939
557 730
573 954
232 370
360 457
426 811
249 900
588 960
63 841
82 135
44 44
288 816
606 702
413 465
245 460
498 960
387 600
601 639
319 576
400 917
586 772
736 808
172 773
415 836
4 428
167 587
326 942
346 411
500 985
592 649
194 257
335 791
347 680
203 760
460 912
62 499
10 132
135 185
205 398
824 850
254 772
402 784
271 795
139 774
184 943
375 543
704 800
658 987
135 731
229 385
263 709
354 969
148 271
141 208
84 869
815 839
583 701
177 465
616 749
198 487
44 55
11 418
649 721
267 926
11 244
202 766
48 899
35 262
166 528
146 590
516 913
39 121
254 584
58 804
33 569
83 643
2 399
650 947
119 984
472 675
791 832
1 412
196 740
131 646
444 797
751 886
514 885
157 918
727 951
46 496
680 754
678 958
210 886
236 566
226 833
258 591
170 660
477 738
656 708
687 854
13 377
407 568
514 596
15 59
288 792
382 584
342 687
505 867
393 890
677 833
254 587
887 906
414 896
172 986
279 901
546 631
724 725
29 36
375 671
832 973
288 513
79 804
647 978
434 586
19 248
814 997
106 219
366 418
514 1000
194 365
235 738
755 952
503 757
340 750
42 205
362 629
43 229
151 315
258 376
686 825
219 423
53 827
46 262
504 608
835 991
72 149
134 183
335 464
82 406
221 373
527 638
241 658
341 865
534 840
270 854
821 976
91 165
411 463
7 300
389 710
179 760
548 681
170 499
793 823
451 685
183 778
291 793
187 922
258 900
637 985
282 810
262 744
427 488
332 585
214 645
129 894
380 491
377 897
250 514
918 988
649 984
377 568
550 833
255 917
658 982
290 361
392 485
516 820
146 695
227 992
539 974
362 707
458 854
363 851
394 979
154 344
51 908
633 702
532 733
391 519
63 355
666 850
274 822
429 591
429 920
121 411
263 913
267 581
183 873
146 964
712 972
361 575
64 186
280 928
592 601
471 907
456 991
80 310
256 876
271 932
587 759
143 559
275 974
96 927
212 937
465 566
580 827
118 633
803 918
741 745
539 732
207 668
138 353
493 869
72 789
671 767
632 845
157 546
682 761
509 760
110 783
184 661
466 737
15 337
634 996
295 825
154 722
626 993
230 356
360 808
537 597
342 738
553 896
378 999
394 826
3 485
403 971
590 614
77 860
310 718
98 275
475 607
491 742
601 627
870 911
388 779
190 216
196 526
416 591
377 519
96 676
397 414
230 325
783 927
909 991
83 501
441 848
525 586
485 548
897 1000
354 930
252 415
899 977
545 938
776 963
421 433
712 875
141 737
245 490
450 535
204 982
641 818
25 717
302 581
620 688
94 310
370 991
33 607
79 201
475 894
310 831
234 738
380 714
689 738
359 544
18 295
611 865
904 964
37 390
195 756
52 148
483 963
147 749
396 503
167 846
144 391
719 870
105 841
787 851
600 961
635 853
202 796
75 451
653 717
576 703
174 591
8 944
48 289
772 984
130 494
217 992
255 932
780 909
37 598
444 512
304 618
11 406
254 903
133 386
2 618
288 495
437 856
321 385
46 654
692 930
512 824
779 955
101 113
166 216
276 747
427 947
71 642
66 342
268 382
200 737
204 231
552 857
475 983
548 566
248 437
326 563
44 456
568 801
390 560
274 632
529 741
94 250
247 428
814 898
192 771
783 882
295 466
572 703
436 592
166 260
97 808
731 852
5 640
667 928
48 737
785 873
566 816
136 749
459 944
489 523
238 935
376 910
132 298
621 681
687 936
298 753
68 91
59 494
207 726
93 762
229 974
662 901
447 696
69 261
359 957
3 348
31 133
150 454
751 858
59 314
59 392
265 694
361 780
380 463
593 696
485 781
69 830
743 947
519 924
397 730
128 849
536 929
588 671
335 650
2 659
18 721
170 683
823 935
46 57
419 978
336 605
454 893
351 466
65 105
478 845
534 856
10 384
64 981
6 212
381 510
172 740
280 881
818 929
517 747
163 413
555 781
481 487
391 756
79 554
730 855
755 821
276 279
137 640
748 981
461 884
669 710
617 929
520 726
480 724
517 976
67 314
227 401
102 488
69 630
115 887
448 573
364 863
148 672
588 852
394 550
133 733
62 222
325 587
4 48
495 651
236 847
95 827
614 957
900 911
11 695
269 297
242 800
158 530
14 753
107 940
214 315
393 948
221 886
458 551
30 103
246 461
778 851
219 259
45 128
578 748
562 566
778 958
255 554
501 589
626 784
43 596
565 867
539 626
97 302
123 871
73 466
207 459
268 573
4 422
340 854
315 892
499 864
136 217
672 847
208 881
823 832
176 480
375 808
634 698
361 861
747 879
372 487
503 837
469 993
88 111
91 279
318 768
246 638
135 937
90 585
223 539
358 939
618 780
125 736
316 811
170 442
269 793
107 406
264 528
112 879
460 711
229 907
45 165
351 586
316 919
2 529
301 632
299 401
303 563
76 545
94 176
362 481
160 318
62 232
387 936
152 394
417 792
16 314
57 411
132 875
240 956
527 673
459 490
449 669
382 935
16 32
732 767
347 674
595 762
617 772
290 702
465 508
301 365
137 713
208 928
239 643
187 829
769 1000
538 834
677 998
460 701
348 348
132 612
77 121
332 408
48 954
