10000
1256 8014
6775 8433
2048 4312
2239 5216
2832 3989
3074 7456
541 1091
6772 7818
518 930
8725 8871
2825 3679
5518 5945
6969 9518
6711 6782
8226 9331
5532 6279
1281 8868
5296 9738
5350 9540
5566 9354
1088 1938
1434 4282
4499 4820
1445 9465
4148 8540
651 5557
2572 8152
3252 5739
888 5109
8522 8773
4873 8078
5557 7292
228 8052
5751 9057
1395 8581
3128 7624
423 6453
1450 6484
988 2964
122 6350
3760 4267
1548 4076
9410 9835
9633 9971
2614 7046
3556 7084
5188 9354
1849 9835
1434 2746
1929 5812
1713 7296
8965 9065
5748 7773
180 3027
4313 4502
3812 7130
2094 2187
5541 7958
481 9816
9467 9495
635 5444
2131 6354
797 9372
1531 5631
4586 8112
2739 5953
6598 7965
171 3117
1999 3484
1024 3320
7804 8956
129 1923
6895 6909
2314 8309
6220 8275
2653 4578
7410 8538
2080 3426
5152 6618
8979 9975
4782 4911
5872 7447
2536 4317
3280 8771
8016 8115
2398 9108
903 9203
2092 3963
6062 7931
9090 9410
1137 8868
4603 7452
2167 6623
3380 7563
4724 6075
282 8965
4663 7036
4069 9270
4940 6166
3118 9487
3045 8506
1249 3781
3588 9821
8213 8367
2743 9825
2189 4744
3249 8180
3076 8812
1814 8759
3410 8361
3423 7465
9764 9835
3411 7748
914 2905
1610 2320
1782 5303
4049 5048
5094 8999
3262 4456
2788 7331
1672 1781
6616 9758
4470 7382
8735 9947
2851 6146
2462 6759
9284 9490
164 3277
6139 9555
2887 3457
2189 3536
2029 6867
4465 5348
4918 6235
1870 4466
8272 8711
3168 4313
256 6266
1522 4620
3877 5362
2942 6294
6336 8122
2835 4120
1361 6251
5189 8757
8158 8837
7753 8301
6610 8687
3134 5768
4580 7553
5652 9674
7440 8659
2030 4561
1327 3329
2475 2892
1489 1827
411 6676
2255 9716
3970 9493
2292 5463
2369 8353
1801 5997
5739 9422
1341 3259
3787 5011
7137 9600
3974 9663
3872 6556
1566 4996
3195 6416
2196 7883
2298 7509
2394 6875
1989 3396
1856 6379
682 7698
7278 8649
1525 4636
6087 9306
2147 8051
1155 4464
8029 9056
599 3946
2352 5825
7931 7991
631 4010
7159 8374
1767 5175
3014 7469
355 8261
4897 6871
5821 9091
3147 7477
4882 6044
4877 8599
6945 7677
1427 6187
903 2385
2053 6977
5574 6985
1528 7933
911 2857
6412 9758
3458 6324
4366 9618
640 3884
7024 8986
1173 2794
2630 7032
712 1783
550 7671
5408 6483
2021 3297
4755 8484
3271 3720
1045 1613
2621 8128
2556 2629
4764 9193
179 9723
1332 5353
33 5727
6761 9747
5962 7755
2849 7779
6439 6816
1684 9179
2475 3202
5144 7318
3084 3927
3225 4362
3401 7764
3397 5060
1299 5308
1302 6595
4433 9245
3988 7215
5700 9764
4116 6774
7137 9917
2740 5036
3558 5127
4693 5131
2091 8465
14 5078
3953 9223
7925 8734
611 5361
9000 9237
2555 7343
335 7223
2287 7278
5508 5751
1651 2017
971 3129
8533 9174
569 4438
1648 6312
658 2361
1967 3807
2714 6939
2765 6831
4966 9360
3288 9735
7660 9715
3781 4041
8481 9073
2275 8292
6598 7474
28 7310
4499 8177
3695 5580
5010 7386
2465 9355
2951 6143
4425 6399
1741 9865
4678 7082
2966 8395
4313 4898
7422 9002
1291 3840
6325 8758
1792 3330
21 5830
8803 9190
877 4848
158 8193
2602 9299
378 2967
5338 8323
4575 9679
5812 7579
3429 8990
5626 7380
3135 6545
2864 5459
101 1224
1307 5079
2056 3803
5135 5490
5715 8668
622 1075
3181 9883
1723 7177
612 8574
4018 9500
5155 7593
3860 8448
4090 6526
3135 9164
6857 8456
5346 9966
4232 4746
794 4018
6814 7550
1722 7669
2166 6605
4411 8472
2639 8565
1280 1973
405 4188
9 7427
742 1722
182 4438
6973 8969
3474 3594
57 150
3046 3321
1449 9308
3436 9409
4539 8318
1602 7434
7108 8775
872 9538
6860 6861
4494 6338
2016 4225
5243 7969
1664 8911
4446 8404
3398 9427
5110 9334
3089 5986
386 4711
4728 8821
1118 1213
299 7914
8667 9976
2365 2540
3702 5133
3292 5457
5327 9184
7945 8927
1367 6421
879 7589
4262 8568
1258 7763
3459 6172
7549 9009
1967 7134
2476 3870
413 1530
7079 9148
2493 9388
1851 5395
558 1803
2673 9113
3780 7961
4459 6657
4934 5160
5250 5871
7159 7900
5423 7456
3180 8577
2856 7102
3703 8376
5837 9861
4354 7265
4281 7470
4161 5617
3065 3767
6258 9147
517 8756
8065 9322
7483 8503
3527 4559
3345 9286
2565 5903
4698 7170
5459 7012
5581 6826
3095 9629
8257 9604
2319 9746
1790 2177
711 8467
4073 4351
3714 7108
3112 5730
994 3788
6682 8740
3387 8224
1573 2165
3908 6310
1552 6150
1400 2490
781 6266
2459 8698
2391 3536
2736 5281
3106 7692
634 2302
2916 4054
2753 5278
5984 7411
1646 7277
2361 5938
5066 8205
5420 9859
7781 8262
3430 5355
3829 6171
5827 7708
1275 4353
1503 8997
212 9350
5853 8348
2631 8397
2682 5083
3077 9980
6138 6727
442 3427
680 2860
3171 7943
4194 6403
2847 9391
1820 9266
247 736
2537 4885
3696 4336
23 3250
4890 4914
2271 7353
731 3067
2624 2808
5587 5962
4721 6542
7826 8994
2426 6850
6555 7630
3761 7198
6908 9432
8172 8802
2661 5486
1217 6805
4338 7140
3695 8828
4753 9264
4916 7635
445 3506
1388 7019
4491 6750
3284 3516
1053 9797
2938 8729
2110 5412
4192 4248
2837 3914
6343 8275
4395 5314
5709 6771
6228 6337
1626 8935
3619 9115
883 3001
7244 9499
8642 9602
5662 9808
3138 6590
832 4483
1097 4691
1466 2413
2949 6798
4589 6257
5237 5362
1022 7170
8080 9846
3540 5108
3516 7442
215 8845
1373 2797
3220 3650
1534 3719
489 8147
242 5349
423 3465
5771 7356
8137 8510
5718 9044
1285 1664
4863 4943
6912 8737
1966 3853
515 4471
2729 9640
5558 6502
2498 7917
1041 2478
1482 8293
1546 7957
4702 8335
5159 5613
1875 8173
6673 6864
4137 9515
104 3794
4778 9184
2553 8756
3456 8172
3453 8695
7605 8749
5155 7154
2489 5121
2281 3057
2454 2873
5116 8122
2541 2764
1111 9191
5512 6935
3625 6679
580 3140
1239 1500
9168 9774
3892 8396
3053 5415
3504 8502
4688 6266
339 8625
2805 6811
4448 8390
1619 3100
1900 4203
3623 6097
2249 5529
8144 8930
7495 9457
5038 9473
2118 7928
3884 4814
2375 9203
4647 9437
8640 9931
84 1444
4760 5879
5144 8658
1307 7456
1150 9957
9233 9573
6127 6833
2314 2623
4848 7634
3753 9422
1150 7272
4614 6828
2325 3168
5858 9351
5728 8621
4117 9828
740 2115
270 5100
2288 7186
5121 8808
675 4116
4014 9353
3560 6470
1601 6466
1197 3771
3891 9770
7731 8938
3568 8612
2483 7996
838 3178
3690 7587
2025 8627
68 3698
1238 7711
5149 6786
5551 7367
516 6188
3808 9420
1113 7423
1089 1634
2894 4505
7344 9431
476 1416
99 8402
873 7864
3213 9581
1856 8702
4388 9647
5794 7996
5674 7059
3580 8647
7612 9944
7080 9434
3251 8431
2448 8159
4646 8334
7045 7870
1969 6360
718 4940
2262 6228
2669 4254
4793 5164
6235 9514
6579 9534
753 5178
1827 2892
4543 6144
7156 9723
3032 4056
3874 7456
2501 9727
38 1351
2825 4008
3438 5315
1865 6672
6661 9755
160 5085
3737 3827
3700 7132
3863 7480
3876 5386
5490 7926
7372 8928
8592 9584
2375 8584
6532 8576
6845 8162
4671 9493
7152 8981
2434 7616
3003 3147
1876 3222
7165 7450
2345 9583
6208 8230
2376 6583
4436 6062
8474 9825
2909 8709
4070 8884
4819 8905
1216 3051
1790 9696
3477 5355
3797 5702
4048 5534
5843 6796
7564 9079
3204 4863
1228 1530
1277 2574
2290 3025
8884 9959
1134 9653
1297 2502
2578 6237
1862 8276
5171 7032
4125 7674
2806 3533
2813 4819
2420 8500
1818 7562
2680 7135
3453 8657
1516 3398
1767 5359
300 5350
2834 9933
8062 9760
91 266
104 9422
284 6696
395 3494
1159 3791
7337 9822
9022 9339
982 2517
5201 9912
2009 8018
5255 9214
2842 4126
4624 8415
2860 8462
4502 7135
6120 9532
815 2560
4031 4443
2505 7715
2106 6486
3427 6044
1521 2796
1882 3618
1560 1609
296 9689
4900 7598
4976 7743
1579 9538
893 1497
3569 5151
1841 9363
7504 9724
2501 6763
1305 9829
1523 9547
1033 9889
4037 7141
3167 3722
4928 9637
662 1519
2554 8064
8056 9203
4237 8495
677 5587
5521 7125
9272 9295
412 1214
2003 5629
95 7801
2545 8018
210 9072
751 9864
2716 5890
2281 5432
1463 2265
4286 7388
2965 3838
4981 9576
1418 3284
881 6217
4456 9774
4283 9856
5158 6835
3289 5906
3139 5673
2877 7956
6881 7137
7000 7794
9580 9930
3629 8671
4108 6801
5447 6105
717 3865
902 9664
4874 8354
8262 9325
8252 9459
5192 7174
28 4360
5334 8040
639 3772
1603 5946
7382 9709
62 6086
2551 4582
7332 8385
1439 1941
486 9785
5698 5700
8387 8627
5509 5658
3658 9127
1780 5633
1183 8369
3953 7640
171 558
3583 9400
7671 9062
2757 6942
4748 7989
4888 9271
7154 8579
94 9629
5760 6706
7823 9687
9267 9790
6057 8098
131 5979
3383 3710
2439 6286
442 3376
5353 5575
573 3942
1884 6072
4831 7079
856 5944
1477 5048
710 6133
3692 9015
557 3208
5131 8313
2650 2975
9065 9586
9 2072
2282 3417
3773 8889
5151 8611
3701 8073
2395 6004
2980 6150
1209 5878
7584 8613
1407 9463
2866 4223
1875 3029
6548 9827
5995 7198
9197 9841
4030 8116
2396 9892
1964 9408
6677 8020
1860 6498
2807 4199
2246 5815
4190 5960
1913 4883
1489 2962
786 5487
8356 8390
2065 8003
6269 7850
6243 8356
8361 9204
2140 9834
572 2243
4667 7126
4605 7211
4034 8941
5234 6015
645 7904
3101 9925
179 6516
5112 5960
1097 8094
691 2191
1556 3167
2057 3627
3665 4734
8279 9910
4397 9340
4490 4839
1774 3482
3922 7221
4262 6263
1073 4138
3021 9837
5129 8210
5003 7342
7262 9509
7281 8251
2471 9606
5136 7878
2790 8000
1367 9240
2258 8009
1310 1853
7400 8092
1810 4067
6436 9975
2417 7384
1352 6831
364 2848
7183 9386
443 8230
4409 9467
2585 8754
1225 3955
3822 5062
9233 9687
134 8133
1089 2969
734 875
2069 6699
3373 8980
4274 9649
1544 8242
733 6217
8536 9013
653 1229
3973 7043
2281 7436
6471 9060
3206 3352
3319 6978
476 892
450 3771
5947 6672
8457 8580
3711 4709
3057 3629
1073 6159
2846 7890
4946 6024
2617 9000
314 7380
6662 9605
572 6826
3033 7345
2155 5276
8113 8993
1263 6424
1196 3307
4542 4868
4230 6739
4951 7770
4859 9650
1285 2068
1219 5786
1012 8237
394 3252
4221 5052
5498 6138
2503 6970
854 4184
3823 7191
3201 9603
1727 1731
2150 4137
5886 8860
3795 4007
1997 3073
45 2013
3806 5137
471 9352
2374 2661
1925 8633
272 9029
4075 6823
8317 9757
5233 6931
76 8757
1060 6789
2353 5597
4196 4808
7 7947
1273 1628
4116 9262
6571 7413
332 917
4000 8921
74 1871
684 6478
1608 3594
6578 9137
7194 8839
5536 6387
3487 9644
2960 4297
4704 6625
6325 9702
795 8659
4423 8243
48 6685
2153 3093
847 3747
2940 6939
2198 3131
5257 5731
1824 7664
984 8184
1635 7134
3545 8030
5773 8240
1616 6189
5031 8138
2607 8141
5469 6983
1655 3480
449 1303
5024 8054
2302 6496
3519 5755
391 5584
4919 9458
715 9691
3523 9295
3460 4511
2160 7536
1661 8003
7414 8628
5208 6240
5451 7970
2588 9148
5582 8568
241 2754
5511 9174
6605 6671
3331 7745
4102 4764
5406 8869
2669 4711
1056 4751
4118 9834
2831 9359
1629 6391
182 9746
572 6841
380 8249
1730 7907
197 6326
3170 7477
2333 4118
4163 6838
796 7109
6157 7726
4499 7847
7285 7355
1256 5885
6656 8561
48 5457
3691 8229
4190 9320
8547 9798
4779 7225
6353 9184
3617 4690
2381 2875
7629 9700
929 6500
5472 9718
519 7592
1460 6777
5134 7737
1356 2936
2190 6341
677 6134
206 3517
5291 9174
4174 8680
3337 6466
3138 3681
1917 5380
1503 8748
8457 8485
813 8586
7731 7979
3848 8634
2489 3361
666 8576
4006 4128
168 9142
1316 5455
7932 7970
6464 8173
3951 8338
8338 8805
5052 6708
2780 7435
4646 7389
594 2099
1366 5691
4724 6885
579 7620
6287 7529
7983 9811
6110 9355
1362 3469
1404 2084
3282 5056
2486 7266
1491 2746
5027 5629
4463 6962
5698 8260
1127 7369
1478 8728
172 6331
7520 8855
3847 5985
3157 7592
2427 3197
2676 9068
983 1048
658 6225
2033 9198
2205 3559
3789 6262
2898 8911
2160 3263
1616 8877
7765 9483
6321 8966
262 9837
2021 3005
406 7479
5929 6469
5417 6392
4579 7457
258 5351
3326 7779
8779 9022
5546 5611
1585 6133
3717 9576
7938 8706
4599 7091
3626 9802
3290 8962
128 2645
1609 7184
6716 7057
3680 6397
2089 9479
3186 9498
4374 8087
6256 8916
2777 7849
1024 8224
2083 9351
3447 6356
6487 7009
5653 7071
1546 2051
463 8167
978 2588
1631 6869
33 4502
208 5357
145 5624
2849 9055
109 2738
2651 6296
4866 6022
5656 9026
5616 6783
1102 9069
4927 7667
2988 7314
2651 9001
3522 7416
1445 3497
914 7941
5637 7965
4500 6252
2307 4768
198 4472
3577 7651
5161 8960
1886 4644
43 4407
4185 7246
4857 9959
995 9025
571 2499
2433 2932
5524 9031
3631 6746
5184 8725
6725 8584
8078 9456
5272 7302
4684 5398
6582 6611
1686 6308
5115 6154
4865 8409
6520 7259
3615 5722
1234 4084
5432 8349
2113 5150
2547 9949
3847 3884
3021 3069
1745 4172
2552 6143
4030 9711
3139 5646
5007 6223
4610 5646
2611 3645
6373 7918
825 5556
599 6284
2386 7270
7727 8643
6692 8030
865 1864
5115 5855
2583 5764
9514 9739
339 4027
943 5429
5302 5664
1534 2589
1563 6993
82 6049
4036 7160
2716 9009
677 3273
2018 5538
4600 8802
7188 8839
2 3286
4098 6389
2275 3008
3221 3354
4675 4957
633 4865
6508 7194
5641 8106
1746 4233
4066 9647
1876 9805
5594 7036
8517 9722
1169 1641
1026 6148
6075 7688
4024 5330
298 7452
8078 9304
3911 5990
2161 5391
1300 2299
3761 4379
1137 4045
4446 9361
6673 9258
5906 6550
5763 6584
7011 7953
2923 6296
3827 9444
857 8315
3300 6902
4807 5773
1794 4085
2365 8482
7362 9318
1868 3935
758 7407
6634 6651
7093 8276
1466 7476
6063 8024
5255 5902
1100 8071
2647 8855
3613 7456
7225 8223
544 6362
4782 8106
8149 9717
508 3536
4197 6857
6343 9239
1440 3415
272 9592
8782 9659
7657 7956
5489 9412
318 338
2344 9579
4873 5253
285 382
1622 2073
5637 5904
3021 6333
6659 7791
7600 8909
5072 8380
3025 8271
4091 6289
6796 7630
8914 9795
1402 1972
1886 5666
4034 7667
7456 9232
4294 6360
1556 1720
6883 7795
330 7142
4482 6338
4235 9109
4432 5678
5432 6588
928 3371
7218 9978
1941 9396
818 919
4435 5429
120 3523
1078 9098
4886 9056
4145 5166
1417 5186
1154 7485
1480 2422
492 3013
3922 6894
4423 9677
4809 8796
15 493
3865 6925
358 1198
507 3667
826 6554
1969 7505
6136 9298
6248 8528
6520 6959
2530 3545
2870 9998
4989 6740
661 7118
1467 8013
2285 8825
5967 7428
7056 7199
3637 4111
5 5893
3205 5075
7784 8191
2956 9536
652 7538
1918 5192
2066 6160
6485 9155
7630 9245
871 7742
3298 7224
9375 9969
1500 3062
5382 8911
7862 9794
4563 6319
2373 9977
1879 5582
4394 7081
4161 6261
2482 8968
6178 7235
87 1925
293 7175
6736 7359
5290 7544
388 4626
1278 4851
3234 4100
3687 5392
5222 5599
2469 8686
2230 7083
6078 8477
2260 4928
752 3108
8506 8537
6788 8223
1393 3208
1389 2328
1689 1876
1540 2544
5937 8876
5601 5981
4854 5728
1113 1475
5433 6515
4831 6084
2984 4252
476 9784
7776 9412
580 2720
2569 6761
3419 8575
1456 3331
4166 5072
1607 8094
4250 8157
4442 9183
3167 5636
3604 4788
980 2571
1553 4064
725 8246
4097 5416
4519 6787
8350 9197
5235 6849
2658 5295
4464 8678
7436 9765
1602 2654
2845 4535
2405 9492
1499 9997
5645 8980
443 5279
1082 5641
3313 5713
1224 8458
1588 6231
690 4483
1939 8863
5139 7966
4222 4584
127 6517
907 5076
1493 4806
1366 1410
8873 9456
5265 7174
2394 7260
1511 9083
5623 7924
6408 7754
2922 5054
2306 9301
3096 3327
725 6810
5047 9424
7367 9273
6637 8437
7022 7396
2309 8308
5800 9773
2955 4804
1211 4302
623 2973
3023 5939
6537 9885
980 1252
2511 8205
2734 7902
8850 8859
1102 5090
7054 7241
3594 5550
889 5126
7698 8113
1839 8327
4210 6517
4187 9164
7767 9441
986 6366
2159 7058
451 3118
5107 5902
1930 3393
3278 8579
623 6467
6431 7639
3246 3967
1555 5611
1778 5945
5966 7436
1176 4671
4699 6233
121 1290
137 9521
770 6613
4711 8943
8906 9581
3866 9450
2641 2849
5659 8221
7459 7794
1686 7822
3887 6651
8212 9667
1349 5050
2017 2927
6438 6952
5785 7850
2167 6762
4927 8655
4177 6371
1090 9291
965 9979
8215 8742
3981 6380
549 2541
5436 5915
7679 9320
2361 2680
1983 5108
4359 8925
5089 8948
2194 7918
4545 8502
991 1628
4478 8641
275 8593
5095 6876
1386 5147
650 8249
161 9698
6900 7578
2639 3954
4758 9375
295 2066
3234 5153
487 4276
1717 2345
3282 8273
1643 3482
5817 9074
4162 6488
4896 8214
6434 8160
86 2384
1560 9003
7721 8720
4264 4895
3086 4004
1153 8736
4921 9067
1986 6665
7021 9311
1399 2233
3908 7274
3131 4102
8825 9433
4653 9004
2600 5263
3072 9458
4294 5137
4021 8468
463 8321
2976 3120
3084 8700
6748 9606
2828 5568
3817 6605
826 5341
3538 9607
4486 7053
1969 5456
5770 6835
5713 5887
6460 8375
1148 6864
3357 9526
3368 8007
6801 7230
4724 5652
718 6779
4984 7356
2024 2322
266 7493
1691 6044
7149 9580
3163 8623
5356 9141
821 6994
7203 8444
4438 8280
1779 2602
507 4540
2733 7017
973 3982
1234 7544
1710 9735
8 5128
8272 9544
3053 4321
299 7333
1267 1320
4001 7758
2357 5222
4019 6991
4745 9189
3953 6249
5692 5870
3323 4497
6766 9052
1124 4091
3488 7183
6799 7487
1104 2739
5002 6171
4230 5553
2119 5083
4906 7692
1500 7337
4344 9477
4040 5819
2728 6057
2261 3606
932 6232
2570 9673
4615 9102
5284 9178
2699 4389
2555 9712
2750 4169
4598 5256
2993 8286
5992 7381
8787 8841
3352 6647
4203 6100
2419 7395
1195 9633
5785 6441
427 7163
759 7850
1783 2481
1012 2031
719 5501
2412 2547
5992 9296
6883 9168
2937 6496
623 4537
5249 6531
1314 1425
4217 6855
958 9042
1079 6477
3173 9804
2965 4928
1903 4459
1227 1537
3152 3712
3681 6902
1435 4490
5341 5525
2346 3794
6675 9257
3274 4955
823 1647
1485 2051
1084 6993
305 7916
5479 8545
1384 2585
2971 9650
4430 7647
1072 5331
3277 8568
6405 7151
4652 7466
4995 9593
3949 8596
2136 8244
2311 4641
1697 4599
3672 8638
4286 4523
1275 9528
3243 9088
2525 4517
1456 3900
570 6489
7731 8481
475 7194
7223 8118
1221 8074
56 4134
7304 9706
4358 5788
2885 3589
2304 7776
3644 9434
5015 6568
293 5588
6463 9162
5868 7490
7950 8514
3616 8640
3888 3948
1570 3139
4421 6068
1842 2000
501 6401
7926 9111
454 1525
874 7405
3073 6498
1781 4113
1374 3794
5920 7108
4149 9006
4911 7421
7672 9233
7568 8812
1696 3456
1909 5215
462 5180
1424 9895
2413 6845
5300 5523
6631 8715
4787 6658
6492 9120
4222 4703
3124 9905
4874 5348
978 5009
3965 5058
2580 6091
1953 7846
5960 6878
381 9864
471 1336
4883 4926
3864 4044
3451 4397
1320 4222
7603 9175
5257 8396
6535 9078
2562 3730
2716 9526
231 9795
5711 9959
2542 5437
7290 7635
2576 2988
4116 9457
3837 9389
3363 7371
4806 7259
6992 7267
2794 5345
6260 8765
849 5644
5455 5809
5581 6534
798 5455
1785 3262
2277 4860
1355 3581
2878 5739
2037 5505
1676 8537
2554 8912
1912 3787
2733 4134
709 5632
4581 9736
7885 8664
59 8360
7803 9719
500 1911
5075 8113
5294 6087
3192 4228
5920 6053
8 7479
1326 5751
3494 6916
1021 2802
3766 6428
690 9418
4774 8436
693 3847
1791 5189
8905 9663
972 7711
3375 7966
4990 5651
5075 9082
5652 7682
3921 6640
7603 9776
4064 5341
2043 2909
1011 9543
1452 4211
1794 7307
5983 6312
3437 5661
546 8608
891 7929
820 4160
2738 6226
1698 8057
3144 7930
2268 4563
2281 5050
3286 4670
3877 8863
1145 2463
5299 7013
3901 9801
4578 8831
5475 6517
1180 1438
13 3971
4716 7598
4943 6139
6849 8773
4260 8181
7055 8700
3290 8189
3900 6100
2430 9287
1837 8262
1795 8835
1246 2272
366 1230
5706 7321
3620 3766
1252 8300
3475 4086
3779 6948
3160 5424
1895 9012
5451 9226
914 7091
4515 8640
6009 6716
3030 4628
3814 7288
537 3997
1027 8344
732 7932
2009 7974
8249 9342
1437 7277
2347 7103
3045 3104
4018 8385
2967 8754
2446 5847
5760 8678
1669 8534
2341 2354
1330 9709
3689 7457
3798 7092
5000 5652
5110 7466
2653 7855
1348 3458
667 4066
874 8869
6928 8135
2749 6333
4949 5399
1451 2070
3038 8450
3699 4217
612 2988
4567 5136
849 9760
3560 8109
3618 3730
6399 9899
4242 7154
9137 9981
2404 7780
7446 9764
1977 9292
8684 8934
141 6144
2432 8340
2743 8397
4432 4934
4785 6113
5363 6996
3704 4341
3632 4934
4158 4248
5045 8565
4780 7320
1428 1591
2318 9920
7569 8362
1269 4110
6065 8335
8719 9570
3505 8477
2577 7598
2058 6030
5387 5734
232 2752
347 9554
3909 5888
5526 5949
3310 9553
5117 6915
3612 8171
2233 2765
3021 6038
171 9732
7591 7944
1532 3887
6166 6310
3216 7039
5028 7023
9271 9271
5323 9521
8219 9851
5348 8777
5442 9070
1921 7150
1981 5751
7506 8757
2637 9235
1296 3269
996 1464
7625 9783
2152 6744
516 1282
3157 8203
5900 7945
6003 6094
2056 2197
8981 9378
5806 7670
2639 4477
6076 7576
778 8120
3311 8331
1097 4507
1107 3835
71 7529
321 7290
1313 8131
1989 8836
587 8793
2230 7308
6209 9821
5558 7633
7961 8439
4715 5308
187 5352
3429 9467
699 3916
5053 8230
3330 4106
1147 8090
5365 7008
5028 9062
2532 7164
1870 3767
3120 6095
6563 7666
3734 6374
3073 4488
4877 4911
223 2935
5036 8121
7613 9266
4869 9364
4348 4732
5363 7437
1288 8966
2813 3211
2804 9146
168 4413
3934 8136
6045 9212
741 8080
2691 4226
6553 8278
1522 3219
4212 5032
8252 9752
5688 8047
5560 5720
4061 9315
1296 3950
2370 7503
2013 3480
1788 4916
2610 5866
548 8772
6814 8653
2182 8137
2051 3622
2875 3645
1598 5071
2086 5760
3720 6701
994 5227
185 5571
1055 2279
652 2660
7609 7647
7737 8163
4861 8354
617 2939
5534 6204
2377 6509
7167 9395
437 1438
831 5290
1678 7859
2989 3548
1071 9064
874 9076
641 5822
7575 9946
3074 7568
5381 6970
7094 9773
2834 4469
483 5919
3230 4830
171 3470
5109 6290
911 6628
4391 9616
1683 6131
8302 9662
4014 4545
3042 7563
778 3566
5084 5627
2616 8793
1636 8118
7536 7824
4940 8304
521 6182
3133 5452
2752 4715
9889 9891
1469 5008
5150 7172
7906 9882
318 7348
1726 7449
602 8502
2008 5674
235 625
2372 2800
5444 6906
7321 8547
6280 6520
3883 5184
1243 4301
4768 6374
4266 8232
1806 6891
4789 6475
6212 7522
5884 8838
3305 5571
856 5898
2426 3904
1696 6729
3271 7483
7180 7338
4582 4665
5488 6533
222 3144
4766 5613
1742 9743
4834 6304
199 1642
3217 4635
3829 7031
1427 8963
6585 9201
5802 8447
4835 6506
4823 6199
6363 7064
2688 9561
443 1975
3819 7417
4328 5359
5889 8388
552 1576
5161 9699
274 5230
6223 7292
6624 7304
2801 9561
460 3861
1594 3778
7063 7144
7604 7649
6541 7852
1042 1565
6917 7797
1502 7350
2800 4671
8265 9823
1045 9510
5294 6447
1003 9528
8734 9573
3796 4167
2244 4346
1900 7137
8032 9451
5913 9319
4111 8504
6901 9522
3657 7294
1819 5112
3679 4322
3317 9811
2545 3554
1710 2973
1424 7148
1199 5859
2172 5737
7500 8023
4157 6345
358 7571
776 1015
2979 4080
332 1549
3294 8262
488 9677
1140 8216
1111 7627
866 5228
2199 3672
2373 9005
564 6487
3160 6312
948 5368
1449 8990
5242 8446
7253 8965
5283 6353
7142 7553
4303 5317
8349 9175
992 9822
5495 6382
1068 2798
7414 9618
3005 8372
5993 7536
7414 8829
881 1364
615 6720
7113 7789
1865 4488
3950 8859
846 870
1571 4103
8291 8982
2269 6388
932 5044
572 7420
2653 5742
7117 7427
4964 6922
3732 5324
7342 7860
2006 4004
3679 7539
726 1524
2091 6997
507 8211
6903 8107
1250 5671
1868 9836
24 8662
5163 7958
1169 5506
5690 6663
2531 4415
5025 8603
4116 4976
2088 8315
2457 8878
4230 8578
1168 2562
1715 9029
7349 9673
2611 7650
6049 7332
3553 7443
4223 8778
504 7827
4399 9027
4832 5341
4060 7597
6150 7617
4488 5663
7228 8700
106 5914
529 8716
2973 3179
718 7334
1595 6232
2910 8576
1481 8777
3852 9267
222 7951
1850 4290
862 1330
1338 4582
302 5424
7711 8288
4483 9901
5556 8475
2151 2800
500 4232
809 5333
2672 5255
5778 7832
38 5468
5818 7756
6823 9355
1787 8406
5826 9286
1817 2167
72 5581
4461 9505
923 1582
7696 8840
3130 5594
939 1981
7052 7759
1714 4000
1514 8405
5500 7398
3898 4675
5740 6686
4793 7547
2806 8644
5975 7785
362 5743
4108 7964
2176 9383
5035 5613
2279 9358
4100 5100
3386 5753
351 931
7444 7617
36 381
2303 8657
4331 7521
28 1006
7302 8275
137 7297
1999 7794
1236 3653
4038 5083
690 8026
3413 8271
8220 9987
5652 5795
1295 1517
2925 9282
3449 3899
6243 9221
2695 7902
923 2683
3784 5909
6572 8242
4547 6750
5047 6949
4494 5780
2720 5847
4605 5457
1194 9915
1084 3420
4905 8977
2487 7299
1575 3556
4154 5320
9286 9545
3206 5499
5346 8978
4929 6703
2693 9443
3761 7980
5406 5527
4045 4838
2197 9266
7702 9774
854 6235
6053 8387
2147 8074
1398 5602
5418 8503
4906 8696
1469 8557
584 1041
1191 2292
8153 9937
7489 9551
518 7353
1223 7541
1713 8947
2201 7769
1262 7541
2974 3451
4413 9063
91 4365
7768 9338
3832 9889
6679 7616
2104 9088
399 9229
3587 3755
1258 8420
9079 9081
890 3036
919 8235
895 4084
7080 9773
1820 2233
4559 9081
3512 7189
1787 5833
2726 7455
5655 8336
2221 9885
1692 1874
5323 5969
897 6732
7683 8315
2488 9252
2025 2469
1127 8505
470 9449
3444 9689
4324 4747
471 9458
798 6440
688 6924
809 7748
4604 8072
4412 8778
4592 5229
1940 8179
775 9303
1050 2127
4729 6090
2452 9075
3619 4851
85 7952
991 2977
7300 7303
3500 4707
1425 5638
5456 7325
1420 4331
666 9696
2562 9978
3651 4401
4937 8503
172 2053
2099 6342
1531 6565
3027 3705
786 2627
3656 4727
1505 6377
7384 7584
4029 9021
1118 5670
7016 8811
1376 8373
1775 5147
3808 4671
3564 7652
790 4073
2773 9166
3303 3342
4685 6502
126 8138
1788 9168
6186 7597
2053 4051
7070 8919
2360 8362
1615 7673
4224 7048
2925 5894
2594 6564
7803 8106
1809 3227
4118 4888
743 9112
1026 8333
2391 7695
7169 7653
4781 7161
1191 3766
954 5367
6064 8544
4044 7631
3548 5882
3705 5528
5116 5535
8010 8589
7727 8373
358 8705
2549 6664
8021 9050
3677 3950
4168 9004
909 4630
690 9563
530 8687
6566 7264
4994 5510
1030 7997
9121 9195
5177 7238
1697 6183
5512 5919
1508 7100
2255 7625
4671 9843
490 2831
6315 6723
3811 7529
3649 4957
7919 8686
3538 4649
39 5626
1710 4917
1359 9773
5885 9721
4895 5224
1453 1942
1889 6384
41 9813
1970 8142
7567 9392
2520 5884
2751 4302
6154 8762
116 204
5441 8059
4752 7785
1945 6132
7101 7335
5143 6859
2367 5009
1066 8246
3856 6263
269 6294
304 6442
3966 9199
5426 9262
582 857
5780 6686
753 5759
6361 8680
4545 6643
147 6360
7157 7935
136 7017
622 4488
5286 8147
1607 5776
327 7570
3700 9198
4895 5827
436 2014
650 2887
1825 5545
3924 8443
7353 7560
2160 8329
1147 2817
6788 9198
2497 9194
227 2977
5559 7842
899 1449
455 9472
4289 6305
6377 8915
6540 7311
7651 8738
4928 5266
603 2741
4297 5806
6018 6225
7836 8925
2765 9005
419 3633
3160 3362
904 2400
5327 9410
6103 6662
8757 9071
2355 7546
411 3380
6491 9242
5641 5944
427 8397
4020 7014
2983 6250
8771 9242
3827 9217
6235 9810
6136 8441
7088 9156
4959 5330
1089 6429
1396 5210
5551 8613
1261 2345
7570 9389
2381 7478
934 7979
5389 5884
8474 9530
2003 4435
5506 9326
2475 4326
3446 5137
1008 7889
2305 4838
3442 5075
6515 6749
334 7936
4885 8998
1542 3147
4682 7963
3015 6806
3434 8109
3355 9986
2903 3768
1564 8753
4642 9868
5594 7334
1750 5934
8118 9839
706 1698
181 4504
2243 7569
5856 6611
3218 8509
1474 5303
9075 9199
1789 5569
592 3462
298 1736
1363 4311
3862 6451
7947 9945
8266 8710
763 9705
5870 9526
1980 5270
1606 4937
4732 6266
5665 5986
485 6528
6415 9457
1525 5760
4175 7467
255 423
3784 3964
7919 9667
4926 6183
8045 8585
872 3613
5379 6983
2176 3388
233 8628
8189 9233
4346 4639
6622 6787
3514 8988
20 3239
6194 6801
7174 7324
3779 4765
6564 6588
67 4682
575 6044
8453 9961
1709 8970
5217 6857
2180 5573
3957 6153
9 5846
462 1339
3733 6670
4537 5280
3593 8694
751 7468
4604 5590
4900 8248
1353 9993
5864 9977
1470 6814
2355 9714
3568 4154
1015 1353
4622 6808
8273 9345
125 7546
5183 7884
653 5209
1126 5920
4641 5916
4119 8340
1174 5429
6234 9863
40 7528
6153 7213
1220 2748
363 7805
2802 8541
173 621
7113 7872
4639 9453
4725 9015
5860 7465
1352 7710
3125 7376
12 2654
3342 6732
2135 2481
1650 9770
6043 8567
1538 8104
4157 5844
6479 8831
4481 8004
987 4799
6244 7392
2005 5256
1732 9226
2809 6086
423 9407
2548 9631
4332 9442
7528 9239
1108 2038
4244 7139
621 9783
4402 5318
3462 7594
3217 5356
716 9697
2595 6715
3522 9266
8859 9808
2941 4310
2451 2778
4956 6935
1651 3602
672 961
4181 8034
2806 9431
4733 5782
5173 6323
2591 4715
2454 9119
621 4153
5599 9638
5990 6028
707 5718
8043 9797
2841 3502
2605 5635
2245 6690
103 4940
4226 9377
3086 7166
4868 6431
5785 7187
265 5888
1254 5956
4636 5553
1717 2553
3759 4208
2069 3371
5485 5627
5477 9485
932 4274
3960 3992
4755 7115
8111 9940
1210 4156
3531 9482
1064 9484
632 7854
1492 8126
348 8347
4201 4532
1719 7310
2063 5403
2306 3700
5351 6108
1496 6646
3643 3928
163 3278
6034 6712
7489 8983
2784 7130
8243 9858
4450 8944
6528 9642
5614 8969
5887 9871
2581 8662
386 2437
5374 6688
2519 4969
4080 4738
1421 7263
1186 3761
2622 3805
7345 7611
1677 4222
4105 4785
1408 8872
3528 9050
3953 8672
89 6949
402 2210
3610 8151
8153 9101
6013 7224
267 5083
3807 8573
4894 7498
3254 8156
5945 7551
569 4312
1557 6994
353 894
6424 9896
218 8050
3527 4563
1821 8942
95 7950
55 9573
1484 9065
1895 3710
312 2522
206 8323
4174 7140
1940 6752
2521 4582
1778 9161
4584 7239
6580 9736
6632 8168
2839 5207
9158 9270
1733 7122
1108 5228
2200 6389
4641 6857
2165 4317
5313 9260
4159 5919
3947 7168
8738 9405
1499 8370
1407 5902
1955 7317
3588 8692
419 6069
67 8382
7291 8034
1672 8193
493 8944
4647 7503
3527 4076
8672 9860
862 7746
1623 3165
643 8988
7643 9639
1035 5525
2201 6251
1064 8056
2616 4932
5125 9465
3716 8093
2340 3333
5179 7806
1136 2755
2939 8219
502 9620
4140 7231
5615 6260
2170 9003
6354 6750
3078 8554
4022 7682
697 2473
1268 5786
3675 7346
615 8652
2410 7273
5207 6546
4852 7792
5759 9310
2680 6631
4265 6001
3524 3980
2246 5848
967 3963
5608 6813
1832 7059
7113 9987
2883 5184
3744 7994
6625 9880
509 1930
4690 8207
416 6893
1146 7515
3756 4573
3159 4758
2534 4278
3715 6230
1628 5948
701 793
2672 7743
39 9460
9565 9686
3956 4928
4725 7308
3850 4264
2698 4031
6266 9599
1477 1933
6189 9596
751 1198
4592 6797
1432 9753
2476 7312
3794 7053
5956 9844
5014 7524
3102 3182
5770 6384
267 5217
1162 7861
231 2699
673 8386
6397 7881
3032 6224
3064 5620
71 6153
141 7241
4171 7915
7026 7694
2485 5818
623 9470
3382 9220
7013 7249
4398 4527
5082 8447
2628 3998
4291 6003
502 2993
243 2168
3227 6961
1839 9275
2511 7733
7263 7340
198 4182
3297 3415
7083 8919
1056 3471
4989 7940
890 8970
885 7969
3046 7916
2667 8379
404 9788
6282 8853
2863 7162
2189 3944
4186 4280
61 2715
910 4005
9021 9137
8069 9683
2531 7544
2768 5852
4822 5758
1665 3865
322 7772
6445 8169
2475 3807
4590 7725
3946 5283
3088 3659
8855 9790
3987 7704
4044 7593
5928 6478
1218 6684
5984 8166
7070 8838
3563 3597
194 9802
430 5105
2104 4499
2019 9390
1420 8192
1263 5863
895 4092
5914 9531
14 9453
897 9753
1522 4301
4403 4756
129 155
5292 5934
4727 7473
5928 7658
2778 5343
256 4114
1363 5802
1635 6206
545 3707
159 2998
5337 7883
897 7975
194 7139
3451 5887
2275 5934
305 9254
4484 7441
8334 9519
2728 8290
1897 4011
1029 7805
261 1366
3908 8014
2276 7728
4564 6895
3758 9329
7883 7951
5537 9178
583 8200
3097 5648
3149 7334
6178 9098
1804 9864
3820 8954
2231 8800
7526 7946
1018 9201
2445 7880
7667 7971
6264 6828
5875 6477
4590 4842
239 3255
2190 8457
767 4600
1139 5166
999 1420
4822 8224
5564 9594
4657 9038
6739 9626
4773 8556
1207 2189
4059 9114
1787 6258
6845 8211
6972 7690
3419 4850
3213 7769
2486 3321
6899 9028
3122 6273
432 908
6209 8869
1700 2217
8081 8785
930 3960
1028 1584
4091 9343
192 4577
2806 4769
7330 9208
3017 9019
2398 9320
7199 9949
2045 6087
8282 8411
1918 6995
2551 3011
9524 9617
5327 8227
2291 8435
9532 9792
1641 2938
439 2811
1569 9179
4065 6288
6360 8949
1877 3065
5724 8381
630 8541
932 2735
54 304
1303 9794
2728 8303
5534 8395
7397 9310
6672 6819
693 8859
5757 9242
1857 9664
4750 8681
7219 9299
7131 7743
482 5960
5683 6048
4548 6101
4251 8344
2381 3358
2395 3135
1522 2216
2297 7180
6096 9424
7007 8668
780 9690
4435 5614
3415 6480
2427 3850
1537 2591
1940 6515
7329 8414
1697 8540
801 3832
266 2544
220 9826
2068 2687
2907 7208
8311 8445
978 5768
3969 9653
1704 2044
7515 8399
1990 3377
2029 4947
3722 5381
4905 9423
5189 9723
7182 8957
9344 9505
1374 2523
3677 6666
638 3722
5850 6773
516 5543
4804 6696
3738 9639
3461 3471
2953 6404
254 5872
423 5389
6129 9999
2006 9277
949 7885
6798 7872
5876 7377
2317 6732
8206 8308
2575 6744
3955 9097
2987 6114
3234 8993
8801 9539
618 5911
2702 2753
1762 9595
1577 9135
63 2924
3535 7737
4587 9447
3145 4592
5552 9835
814 6353
9406 9485
3414 9553
1075 2792
3531 8558
2560 7511
5867 7547
1689 5690
2943 5557
3216 5729
465 2513
7709 9124
1702 8958
1747 3239
721 1340
4074 9020
4982 9405
6885 7244
2074 3629
3902 7631
1150 7784
5573 9362
5537 9663
3900 8897
1378 4222
1255 7422
7523 9476
6319 9848
1811 4610
2161 8360
4030 5623
9371 9452
593 1225
6616 9326
5446 9263
1510 2971
3956 5500
244 6707
1328 6775
3973 5873
4731 8753
2079 3160
1653 4027
7131 8135
2706 4755
3048 5469
3421 8349
686 9150
1373 9060
1352 7120
858 2356
774 8671
3026 4307
3815 7160
6167 8482
4711 5174
4225 6280
4863 7877
5032 5563
4003 4986
3982 8428
253 4458
4876 6323
495 4626
3279 5668
828 2209
387 3018
1984 3558
11 7610
164 414
9376 9575
1806 6877
7222 7576
5910 8090
4409 4738
9650 9892
722 3152
4795 9217
2997 3581
7167 9209
3635 3990
3737 6947
875 3584
4438 7408
5493 9573
3189 3643
1283 9862
6714 8859
4780 7796
5282 9238
843 9927
5624 9123
6071 9920
5849 7872
7091 8167
1344 1732
403 614
2638 9468
1186 1502
7544 8794
627 5715
82 718
3205 9140
3614 7446
4876 5911
3099 6407
1623 4176
2947 7764
5966 9072
1353 6756
913 1004
9085 9552
5882 9502
4950 8805
7026 8628
711 3112
2301 9328
555 9976
4459 9412
2021 5807
4800 6779
8369 9037
7185 9813
444 3796
4719 6088
5986 7215
4699 5007
3656 4121
54 5645
1207 5255
5915 6404
1705 2157
638 1244
4474 6062
4926 8404
3232 9080
2979 6435
7684 7782
399 7744
6827 8355
2353 5653
7865 8284
2930 9914
570 3075
131 3978
2960 3569
916 7951
28 6403
8029 9821
6806 7898
230 9094
2375 3434
5160 7446
1973 9391
5594 7494
859 8105
8702 9984
1003 6801
1080 4187
3769 7240
2943 8265
996 8716
1408 8268
5241 7076
2081 3902
832 7347
6918 8724
8546 8785
590 4893
5713 9908
2115 9645
63 324
3886 7026
863 5710
6858 7452
1422 2931
483 5821
7715 9088
2565 5387
804 7403
367 7370
3455 5984
348 1881
2883 5750
215 7235
3655 5412
1035 2984
5055 5717
6611 8664
1108 5821
8126 8516
6413 7279
403 6452
226 3159
2605 7977
4025 4472
1976 8672
3819 9777
540 2615
1166 1297
3426 8981
8473 8499
2524 6646
916 5629
213 4029
12 6707
6411 7184
4859 6146
4027 7797
555 3869
7247 7781
4566 5636
842 8624
4068 5226
208 7484
2547 7663
117 7690
7818 8964
7135 8706
4696 4852
57 1988
6840 9877
7215 7942
441 6587
2450 5587
3520 9284
982 6830
3950 9273
1331 5133
7181 8508
7864 8359
511 9208
2387 3613
4030 8794
7684 9570
2829 3661
2260 3505
3870 9170
6244 7585
4053 7157
308 1468
2642 5051
4895 6374
5083 6635
4210 8909
478 4115
600 6320
3996 9809
3423 9110
2072 5128
6482 8170
4154 5479
8533 9495
6108 7838
6015 9555
2830 9302
694 7153
3015 8418
752 4228
4279 6512
6153 8159
3839 6756
5043 7815
4426 8521
6179 6341
5809 6803
1258 6521
6924 7469
730 2775
4715 4929
1 8892
954 2433
2350 3470
326 6335
3098 8748
4257 5914
3525 9788
7176 9247
8891 9890
3365 5860
1453 2659
2430 9088
6350 8942
1002 7096
3768 4818
4363 8206
1868 9005
323 5659
3086 9221
917 8770
4774 7860
2722 5347
4943 5204
6699 6749
4771 7228
2200 4706
3805 8131
3961 5586
541 9997
1821 2177
5076 8930
1256 3837
2218 5345
3412 5461
2957 4232
2942 8066
5455 8330
2863 9744
192 269
5835 7370
1773 6266
3666 7576
7716 8938
6465 6641
8222 9797
5531 9765
9715 9994
5024 6017
2171 3819
2652 8416
1269 6155
2588 4858
1157 4497
7864 9876
6889 7602
3826 8482
597 4809
2994 8340
122 4884
3768 4631
4026 8294
2898 9929
4018 4703
3187 3214
2919 8773
2140 9295
308 8337
1443 3092
567 3150
3429 6482
4880 8511
2513 3189
2627 4607
1149 3102
6104 7202
2614 8727
2205 8171
187 8422
5515 9935
2959 6324
596 4989
4483 6732
1779 8099
5690 6813
6144 6996
236 4056
422 4205
3457 5582
4169 9291
1478 1904
3321 4873
2439 9979
5851 8895
4880 9440
4322 7929
1711 3923
1381 4575
31 4018
2836 6988
1220 6150
4134 7838
801 7470
4463 8614
2096 3121
5757 9049
1505 3309
2663 5144
2734 6239
474 8335
5110 8566
1696 6038
1541 2674
2187 7094
1264 6936
626 8588
2993 4402
8076 8599
7155 8349
3348 7065
2435 9359
3088 5065
3496 7917
1495 6515
7982 8128
6123 9160
3431 6479
4106 9582
2159 8101
159 2228
3633 5954
975 5237
4407 8880
2595 9725
1600 9988
4488 7636
2145 4868
6086 7011
5841 6753
505 1609
3886 8261
136 3127
2661 4682
5186 9757
4273 6194
1186 8246
3957 9627
2381 5064
399 6192
2983 4534
1159 3075
1855 3986
2082 3436
1806 9449
2370 9291
7796 7890
6156 6315
5019 5901
1167 2576
520 6665
4056 4772
5113 5756
290 4726
7836 9431
3506 5761
45 4260
8091 9932
921 3649
3934 4129
5547 6249
3199 8736
61 905
1437 5060
998 9294
3463 5111
7646 8036
3700 9179
2996 5477
3848 9054
4911 5113
5368 6108
5370 8745
1321 8225
3267 3746
7884 8054
5204 8515
3444 6766
4670 6007
5611 7187
3011 7712
3782 7500
3971 8881
4506 6347
606 773
467 4415
5485 7658
1246 8672
974 4158
486 9757
2106 6408
1882 3817
5351 5850
3865 9795
4220 6335
8760 9384
3618 5729
4040 4910
2661 3984
745 2883
4088 7722
5473 8310
2722 8683
181 6461
3559 5678
4010 8994
83 7864
995 6222
209 2559
7052 8471
260 6739
4840 6866
7421 8181
6557 7662
4711 9614
7560 9600
1111 1296
7031 8690
1738 5636
5529 7950
5053 7629
3428 8511
5045 8874
700 5562
841 6998
8289 9642
1056 4240
3399 7777
1689 4829
4352 5565
7206 8117
694 7362
6499 8925
3702 6395
71 4677
5016 7174
3658 4561
574 4621
3480 9055
6725 8876
1939 3869
2690 5438
1709 8744
1172 8579
9830 9934
604 716
298 8009
7917 9599
1197 5346
3913 8920
3210 7368
6353 8971
677 9737
2267 4459
1902 9660
2314 2477
3033 6884
3628 6930
9060 9564
2292 4351
6770 6866
4257 8190
1546 7297
3797 8418
1257 9898
1169 6823
3836 7917
1845 4800
2400 6261
3351 9269
3635 9900
380 8433
493 7061
10 9678
4233 7351
1994 2735
2607 5342
2980 9560
813 3222
5512 6606
3143 4592
8088 9284
3364 7054
3883 4305
2046 8577
2729 5619
885 6875
1128 5622
4924 8135
3358 7216
1721 2540
349 3959
3059 9780
3489 4412
4899 8047
162 1000
1845 3707
6359 8905
2838 7179
98 6278
1514 5911
1132 8505
2097 6046
5685 7374
6684 8074
3630 8812
4511 5019
3345 7988
6860 7466
6616 9840
7896 8864
2225 3163
4263 5532
975 3471
7706 8243
2577 3861
4182 6980
4592 6862
8738 8875
6235 6817
1332 1335
8343 9039
4765 7552
6985 8523
5207 6043
6585 9994
466 9485
7034 8469
8140 8896
1849 4838
101 1473
4781 8333
6439 9988
7563 8154
119 7600
389 9692
1543 6271
30 254
3937 6067
6206 7600
264 362
4986 6626
2924 4547
1539 8426
1584 5731
2574 9556
1483 8802
253 1455
2886 5895
2588 2873
4535 5741
1597 2151
4233 8139
3274 8104
9695 9892
953 7175
1372 4137
4210 4408
185 7631
7132 8605
3069 8781
5949 8289
4237 9838
3377 7723
1176 1600
4829 5094
1003 3810
6529 7668
4520 5572
1250 3562
6924 9923
3162 3540
6793 7415
3719 6439
2818 6359
3590 4767
379 7159
7059 8403
1993 4589
775 5292
8224 8975
3825 7319
1086 6951
185 633
3875 4651
1924 8808
2214 3327
2254 3116
6630 7449
1431 3396
1017 5588
1130 9878
2813 7613
1424 6912
13 4894
6285 8639
7527 8109
3867 5141
6283 9833
6211 6327
8743 9872
3682 4625
4835 8208
446 5403
3090 7411
1420 7341
75 3963
3676 4767
2361 8817
4043 9687
9005 9369
752 1833
591 9309
1435 9812
739 6903
6008 9944
903 8794
2069 8151
6195 7962
4193 6173
3808 6989
268 1674
4653 9356
4734 7532
1251 7657
3634 7468
5090 5944
4143 7463
1816 9603
231 6013
4181 5590
2094 6171
4550 8810
6807 8872
29 6449
1843 6077
7484 9551
1078 5538
1145 2410
4265 7626
695 5854
5091 5366
5395 6110
4536 7100
4175 5936
1333 4250
7787 8986
194 2625
503 774
1607 5909
5073 7190
2848 7350
1498 9698
369 8032
7138 8022
2102 2217
5208 5416
4875 5846
4667 9645
1150 4184
2921 8557
1768 6182
3406 4586
558 9217
877 4065
6704 7371
6648 7363
2023 9273
3231 9043
1195 8942
4511 7901
2053 9006
7485 9175
1291 2848
2225 7089
1411 9223
1396 9483
3579 6756
280 8819
7948 9417
1721 7090
700 1037
1563 7824
1784 2589
3194 6208
4915 9817
453 926
3964 8539
4333 8274
3936 9035
5001 7480
3237 8471
4554 9374
248 5243
1052 4892
8378 9323
3864 4471
1007 5220
1283 3255
3556 9738
3446 9023
8078 8658
4219 7199
2060 9867
2276 4991
51 1656
7702 9153
1791 7876
833 4973
1178 6273
7783 8956
508 3980
672 4081
5268 5433
1930 8521
4572 4966
4003 6694
3475 7040
3027 9098
110 555
4331 4355
3294 5655
2959 9736
3996 7506
1051 6892
5227 7503
1435 2364
1947 7569
8117 9204
2013 7864
1548 6642
4875 7129
685 2037
2422 7364
7342 7461
3308 4307
1873 5800
4903 9283
7571 9465
4846 5918
1153 9264
5897 6024
5232 7347
1671 6617
830 6880
530 2974
351 4468
3648 3958
3369 9630
4008 4935
1542 2248
6952 9164
2344 3213
260 8995
2556 9351
1314 8211
6847 9520
4625 9183
5443 9280
9822 9877
3789 8661
4670 5857
5777 7076
1112 8414
100 3198
1003 6225
3116 7813
1875 4300
4359 6045
5751 8950
4826 5566
4547 7387
8606 9878
3665 4917
4599 4706
1943 3236
1845 4271
3487 7103
1062 9911
3789 5958
3282 5906
4623 8934
1188 6516
7560 8542
9043 9178
5389 9223
3094 3146
5335 9361
1639 9386
2369 8598
898 6951
2211 4839
5213 9236
4050 9714
1670 5963
903 7190
6169 7395
387 7384
1506 6529
24 6113
765 6476
9631 9681
7313 8912
4927 8627
3471 3874
403 3175
586 4942
5366 6969
694 4748
1239 7189
5877 8943
3258 4555
1428 5633
4544 9222
937 9452
212 2386
9112 9308
2262 8474
1342 3312
8086 9392
1559 9241
2927 4462
2674 8357
2426 2944
243 1261
279 375
576 7156
5625 9017
4163 8138
2689 7203
6297 7034
2900 5774
9586 9598
754 6414
3387 9927
2035 8680
3681 5752
6203 6309
1604 6946
2255 5406
8044 9274
2868 9802
2894 8018
715 1875
4790 6181
4634 5621
7491 8878
2094 6785
4076 8721
5501 7268
923 9077
8317 9849
297 9840
2073 3647
1203 6128
747 951
269 2171
180 6008
1092 9736
4613 6574
5029 5841
4966 9521
5513 9743
2475 5261
1130 5186
935 5617
5102 6625
3817 9120
7736 8272
3346 9244
3171 3958
2374 3840
78 9533
4448 7085
3162 3976
6637 6776
2401 8916
2393 9811
4048 5164
965 4404
2511 4768
1411 4036
5016 8721
3376 5007
4034 4576
39 3880
3173 9955
235 3818
4863 9196
307 1875
4667 9161
3896 6479
365 2572
3964 5799
3025 6717
3999 9956
3607 9505
3705 4468
4383 6046
648 1555
1880 9118
5768 7562
3932 6124
1812 5517
708 7454
1676 9857
589 685
2275 6106
643 9902
2762 4907
1392 8614
2688 4342
3041 5402
23 9769
433 1941
6061 9813
1737 4027
2495 6131
920 6292
5048 5779
5032 8356
5581 6006
725 896
154 5290
2066 3111
9655 9998
4951 8645
941 7725
541 544
1337 5513
4165 8717
999 2958
129 4052
239 4809
2624 8407
2822 4238
6280 8437
2762 9141
557 2196
2630 9121
463 7462
7685 8397
5813 6803
491 2671
531 8398
4502 8050
4132 6968
2478 2842
3577 9138
2528 5668
765 9938
2422 7403
570 3410
4624 9234
6056 9486
6339 9667
5713 8658
965 8532
636 1845
4934 8445
5075 8083
55 6210
2977 6392
5440 6985
1648 3728
5437 7164
3655 9980
3243 6689
629 2928
63 7674
712 6385
8959 9438
3548 9374
5942 9157
6131 7470
1957 6679
6744 8472
3692 7918
3190 4231
4322 6756
232 5275
1233 6425
5565 5733
1021 8074
1008 5640
986 4629
552 1239
534 6454
293 6003
6303 6496
3057 3324
4243 9103
6449 6706
1748 9449
4858 8420
3876 6003
2790 7585
1855 5550
5130 7527
260 6692
6577 6818
274 9826
1765 4735
4774 6221
4281 5469
6302 8918
2898 8930
5252 5326
3085 5380
3063 8194
5276 5478
700 9056
2954 5797
1308 4528
8674 9438
5213 6815
3439 6822
1231 4462
347 1876
1232 1899
6530 6657
4017 9940
241 6543
5664 7217
6330 8950
993 3349
1101 4694
2203 8433
1574 5862
3210 4593
2408 3439
2315 8819
1483 3553
4836 4865
705 9926
1389 4548
5397 8506
3211 5360
9300 9871
1320 2300
826 9052
3361 6312
2450 9058
3400 7065
3642 6870
1137 5441
4530 8956
5378 8333
5606 7562
1800 9962
3758 4453
1845 9848
5318 5755
6165 6322
4919 6216
1135 2613
5107 9959
2674 4258
5691 8754
5162 8747
3983 5008
3751 8383
4328 7324
3572 7480
2790 8257
4884 5346
4439 9557
4369 7748
6072 8676
1340 7924
2645 9404
2768 3789
856 5216
4850 8827
542 5249
8856 9125
4571 9085
273 1860
1131 7431
1433 6379
284 310
2842 9174
1139 4841
467 7642
5895 8891
6615 9931
5204 7642
1932 5902
6165 6888
627 7792
7281 9372
4682 6222
3191 8225
613 9649
5484 6043
7881 9819
3333 5261
1035 7181
3810 6189
276 318
5846 8413
1900 5040
8002 9464
740 1591
3303 3416
4374 5419
3343 4358
725 953
6448 9569
1115 9044
2959 9434
3129 5098
1407 2154
3107 9757
3153 8315
1373 5698
6745 8839
533 3461
838 7824
880 9325
4883 6992
991 3515
2996 4617
1014 9245
2705 3114
1433 2006
594 6898
1059 3834
5012 7445
4525 7884
141 6513
3667 3888
4346 7375
573 9922
2158 5263
1465 5460
2776 8411
3769 5789
2054 6452
5680 9767
3849 7897
871 3501
1096 5884
799 7856
2675 3943
734 4634
845 1215
499 5782
1919 5729
626 2653
8585 8931
6110 9434
4189 9219
1612 4726
853 1219
7494 8494
2032 8759
4312 5691
5006 6663
6619 8875
816 9602
5255 5426
2756 8372
2296 9550
1361 2380
450 5083
3551 4938
6648 8126
4661 7468
7517 7656
1852 2976
3669 7131
7259 8252
236 1960
2614 4900
6783 9265
7155 7758
2626 5999
3989 5751
21 9551
7731 8640
1290 2431
5087 8785
2268 5718
2879 3624
6121 6820
5630 7873
1 4622
2688 9044
8509 8949
2918 4231
2234 8437
172 7101
7660 9158
6033 8500
4757 6429
1853 7664
6413 7861
423 7082
2154 8493
6698 8074
5722 6803
3442 7342
5914 9813
2752 5509
4599 6079
982 3693
6747 9827
2943 3009
392 4683
1198 8415
7275 7430
8393 9028
2073 2951
1932 4526
3695 4002
1266 2412
3625 8393
4992 6084
863 9520
4062 6584
8035 8078
5446 6890
3401 9536
1327 9164
5469 7446
2522 8051
2025 2600
842 2324
693 8230
3103 8327
252 6921
6707 7506
3951 4586
481 6005
6230 7586
6875 9570
8198 9321
2267 4570
1343 1798
5 5278
617 4899
3806 3829
7306 9983
412 5402
1029 1671
2197 4422
6429 8763
3013 8885
1357 2791
1180 5143
1087 2164
2958 7867
2721 9930
5116 5499
5740 9410
1622 5711
1787 4063
3853 4065
754 5557
691 7187
3929 7663
3987 7648
3297 5559
671 9136
8857 9251
831 3088
7104 8269
455 3614
7022 8046
8156 8682
72 1842
6702 8111
8289 8813
740 4169
5253 9534
3335 5854
4914 5042
5793 6030
890 9179
978 1167
7231 9340
5045 7813
1739 8271
4740 7395
5317 6239
1651 8722
6530 9397
1776 2512
7971 9422
5971 7279
7463 9582
3352 3479
5130 9231
2506 7765
3799 9715
1300 8372
1213 8925
4585 8019
1033 4723
996 1913
9103 9625
640 1979
2220 7282
2367 8828
2313 8552
3530 5869
3492 4713
8787 9873
3796 8228
4604 6043
7683 9896
3826 5577
2334 6117
489 9090
7650 9962
717 2855
4004 9849
4341 4406
4377 7562
1941 2193
5868 8666
4396 8956
3540 7787
2178 3146
4248 8420
5747 6784
4767 8477
5193 7982
8867 9347
493 8047
5828 8170
7516 9741
618 6833
909 6618
588 5518
148 4358
1830 4634
1545 2756
2441 7997
938 7389
4411 6509
7428 9728
5641 6444
1255 6793
4538 7154
365 8623
3734 4703
6216 9724
3847 9424
2476 3768
6176 8178
2922 6082
3672 8094
1700 1716
280 4296
2188 2652
3491 9929
1387 3588
2809 4365
888 2325
7310 9767
9434 9837
4461 4721
5270 8909
7321 9381
1395 9773
5489 8750
581 4504
4073 6554
1250 9541
6852 7565
6176 9500
3868 9301
4450 4505
1082 2102
2256 7109
5846 9963
1242 9234
3052 5437
721 3293
3316 4754
6971 9258
328 357
366 3813
3606 9558
7651 7851
3379 4290
3551 7801
2749 6558
4017 6366
394 2539
3548 8386
2033 2683
4994 9191
118 1345
689 7949
6382 8609
3789 7512
3181 8758
2633 7393
1981 7849
446 5656
340 7320
1833 2877
988 1061
1272 2624
8247 9529
1077 4087
3321 7294
3902 5937
7916 8077
4450 9992
7306 7628
872 1549
6852 8564
3776 6925
7935 9122
2352 6675
4670 4834
4324 8306
4425 8951
843 8530
2867 4541
1550 7302
2834 3108
2820 7050
1206 6381
1449 7342
5557 7315
606 8125
3224 7084
4621 8629
1430 7206
8041 9825
499 4302
1964 4264
2271 6585
2579 4415
1676 3180
618 1578
3625 9358
2749 6078
2692 3633
2365 4389
2893 7005
3296 3967
677 7657
462 5044
77 1543
6899 8411
6802 6981
3289 4076
7024 9101
4302 7970
6920 8741
4243 8712
992 6615
2541 8772
3523 4321
6024 8428
5124 6528
679 3185
2938 5845
4921 7352
6652 8284
5105 9480
2769 4564
4525 7390
3032 6245
6635 7387
3369 3742
6654 8478
3649 6032
7190 9015
4683 9457
2769 4391
1585 6715
1028 8614
7461 7712
485 3007
5233 5844
7022 9219
6432 6468
3769 4659
1778 1893
1278 6362
2348 5431
4199 9056
482 4148
5386 6287
6200 9717
1727 7718
2344 5672
760 1433
1020 1223
2785 4251
6973 9143
2912 3387
8143 9153
1967 6480
4666 6880
3757 6751
714 5290
8142 8788
5690 7171
354 4939
73 9609
252 5445
180 4672
5323 9463
3324 3940
6026 8326
1304 8258
3140 9692
3385 6862
5240 6504
4258 8466
3810 6686
59 8462
4821 6456
7090 9266
4176 9201
5994 8332
6733 8858
6285 7838
4190 6435
329 7961
1481 3541
5267 5845
1837 5550
2577 3948
2299 3230
5630 8992
55 5804
3815 9830
3225 5516
3878 5989
2472 8259
2255 8773
2111 6504
4348 7339
5214 8825
5148 9873
5577 9920
3673 5345
3079 8848
2842 6567
3633 3946
7462 9915
6956 9741
702 2601
142 7478
4846 5223
3493 6702
7137 9683
364 4951
6325 7557
5641 7399
5555 7011
2969 9691
1284 8527
5603 6292
5320 7838
1164 5749
3885 7456
2385 8910
6848 9265
4723 7036
3590 7165
7106 7530
3557 9314
3965 8466
675 6133
316 6552
3798 7079
242 4784
2155 2665
1342 4665
118 8274
7755 8728
5002 7112
2239 6779
1798 4842
4322 9262
1834 9116
2561 7170
910 8803
1750 6859
7407 8964
8514 9386
1739 3062
564 1217
5393 8476
2673 3477
339 5688
1170 2103
4329 5217
2593 7171
3142 7558
763 4087
2183 8347
1893 3749
2295 6504
136 7632
8246 8250
2001 3544
7697 9998
5197 6759
1564 9716
2731 7104
103 614
3195 5025
3132 4306
1609 2386
2127 9794
2358 8438
1950 6884
689 2875
1515 1576
4987 9153
6842 8744
1298 6253
7226 8114
5555 9526
3431 6660
2977 4169
1594 4095
5029 7302
2795 3366
5563 8315
220 2614
3509 6363
5292 7243
1745 4794
1546 2162
1177 3887
3344 9397
8547 8901
5329 9703
4941 5805
2548 7079
238 9300
7545 8465
3258 4809
1692 1820
3664 6709
2284 7482
2288 6771
4328 8753
286 8439
1830 6966
7731 9543
189 1564
288 5944
2344 3797
63 8826
2562 7630
3563 6642
3852 9440
2733 2915
7187 8460
4219 5315
5661 8181
3345 4650
4964 5437
1042 6294
393 7153
5083 9020
5247 6579
1092 3076
805 5512
5471 9263
2984 7514
1639 5848
2796 3049
889 8166
4740 6642
2167 7515
7072 8317
6038 9849
2500 7291
288 9340
119 1632
1826 8472
5392 9013
6828 8930
597 661
662 3606
4872 8774
1409 8706
1342 4632
4034 6323
6729 7767
1664 7995
4227 5999
5761 5889
4047 8920
3931 9297
784 9999
6593 9856
3038 8493
2422 7249
5665 7419
591 5950
969 3974
2491 3244
239 4783
4636 7392
2139 7407
274 1258
3533 9853
2267 3074
856 5832
1448 4396
5372 6472
945 1902
87 7868
3763 9804
3786 7377
1666 1796
5673 8920
6180 7411
2828 7459
7359 8375
2010 9967
1724 3728
631 1234
7856 9529
4875 5037
6744 7993
5170 7257
8534 9359
1707 1787
6039 9461
1603 5049
9550 9633
5594 8788
4374 4946
6224 7168
3433 8012
2178 6236
3426 9436
2738 8695
1722 2860
1269 4887
659 4502
2097 9913
1960 5395
5178 6214
1206 7193
3924 4240
5572 7904
493 9798
3820 8119
2109 3651
693 2883
2563 8754
6892 7339
1077 6652
5349 8779
2830 9914
4421 8636
3457 6232
8340 9036
534 8423
493 9737
831 2963
7334 7373
1154 3900
8176 9924
4284 9649
4209 7217
1071 4567
4591 4722
6678 8208
1119 9126
4414 9862
975 4345
1731 6580
4504 5578
1543 4548
5782 6256
6440 9139
8016 8196
1175 2629
2793 6685
3178 7762
1311 8634
6410 7596
7042 9627
1965 8774
1363 4247
2086 5700
3686 8932
877 3895
965 1009
2087 4425
952 7897
362 435
1869 3590
7663 8466
3381 7534
3735 8049
6978 9069
5840 8686
836 8559
3072 9254
2208 6765
625 2891
4319 7656
4330 5546
310 5285
2208 8318
1675 3308
449 7314
599 7867
1955 9436
587 7074
5270 5571
4403 8079
8045 9165
4239 7231
4031 8811
591 3697
7388 9721
4062 6542
175 5093
3630 7505
344 6700
1917 6391
927 3657
4906 7655
2489 5325
5660 6325
5400 9371
4570 6819
1874 2339
5252 8013
5531 9288
1319 2545
1419 6165
4305 7712
3897 8114
4668 5437
2461 7070
4872 9132
726 2196
9291 9894
2138 6826
5387 6318
5237 7004
4299 7003
2633 6683
4321 4800
2621 4364
7360 8506
2659 7457
6475 9620
8329 8399
2244 4153
7216 8318
5532 8655
1706 6004
2279 2965
187 8039
136 2309
6210 6541
4372 7932
1048 4942
5292 5581
3474 9595
380 1704
911 7141
445 5052
4763 7618
945 7200
6641 9791
5932 8962
6152 6638
1760 6059
2972 4623
2297 3778
6065 9413
2326 6755
800 3947
352 8231
61 5488
6926 9574
2474 8988
582 9565
1988 7387
5892 9218
3367 7049
6044 7809
248 5933
74 3663
3938 7218
2850 3048
3395 4492
3221 3409
7253 7878
4605 6476
5137 7118
676 6777
1888 6210
5320 7137
3156 5144
4608 7792
1365 3194
470 4633
5749 6873
3749 5184
7507 9450
3102 5633
8400 8433
4413 6932
6147 6561
5606 8713
2243 4921
2701 3538
628 6725
648 2905
6989 9929
904 8459
2207 3041
9044 9389
1686 9361
634 7924
1936 7612
4595 8028
4423 4806
4695 8135
73 6799
5370 5698
5488 7806
5507 8194
1885 3340
1426 6581
2948 3756
5929 7926
176 7582
1945 2816
3667 4138
5486 7237
7102 9336
5242 7493
3217 9246
5971 7519
2306 9892
3307 8695
2532 6311
2881 8225
2805 3766
4893 4982
4292 8895
2977 4569
2606 7111
1208 5797
7959 8455
2548 8862
2448 8651
1956 9296
6757 7102
3516 6410
3044 7576
651 8618
2797 8672
460 2145
8095 9711
9200 9693
4544 5848
3440 5191
5717 8482
761 1949
2177 5182
7625 7675
4957 7840
659 3341
3841 8466
1217 5307
3729 7555
1213 7371
1313 9884
1133 4598
5697 7351
382 2374
3141 7359
156 670
4432 9799
5808 9927
2934 7501
871 4768
3377 8867
689 4642
4491 9276
145 7688
790 5870
5391 6625
6318 8173
5237 9829
2098 8983
5401 9164
4305 7388
5787 6208
2106 9984
6837 9770
1030 4728
95 959
5431 6411
4335 9065
3512 8863
3112 3883
2164 2440
2106 8547
3503 9484
2680 2973
7500 7612
556 4685
4412 5503
5100 5828
1554 9290
1685 8838
2896 8001
4302 4445
692 7983
1416 8887
1655 1708
5094 7737
7198 7470
596 5835
4084 6680
4252 9547
1932 8278
406 6246
9172 9876
2464 4189
5087 6257
512 8361
4934 6731
3323 5313
589 9039
3070 9231
569 9044
1868 1905
746 3610
5736 9063
623 8716
4898 8688
920 6949
1460 6864
2712 3573
57 968
4586 7408
3423 5353
8194 9907
3219 6474
652 3632
1649 3095
4138 8352
346 9428
154 8268
2920 9145
5492 7476
1465 9256
1388 7458
3006 3917
732 6293
5555 5615
5435 8514
5298 9379
4166 7920
5747 9284
2422 4641
6987 8543
8630 9139
3122 5997
793 6188
625 3113
491 8941
259 7290
1230 8862
7462 9231
174 7282
4181 6667
297 4877
1424 7734
865 8576
467 8000
6373 7759
64 6237
1641 3716
1155 9829
5447 8183
3832 8287
304 1063
882 6000
3027 6336
7780 9882
3418 5283
379 6133
2297 9808
4023 5124
3165 9190
6260 8830
4245 8742
5308 9461
1086 7876
7071 7761
6583 9241
3197 5058
3368 7848
6330 9768
1947 9858
43 3046
5395 6860
2325 4275
4828 5771
610 4555
2626 7225
5015 9244
3320 9380
5502 7487
6210 8325
4581 9829
4187 5536
1286 9725
7400 9715
1721 2324
7004 7466
88 9426
1175 7260
5029 6340
1928 2852
8489 9620
1507 6962
2671 3991
1717 3216
4749 6944
2370 7708
712 3107
674 9082
8599 9247
5509 8757
5035 5590
3231 9802
6184 8389
1401 7010
6265 6365
1264 9718
481 779
3647 9409
3934 5331
3153 7833
1489 1498
285 9584
893 6786
206 3392
831 3121
5442 8923
7395 8488
6558 6935
1280 7144
1368 9297
4809 7136
2380 5005
5528 8268
7866 8221
5373 7601
8526 9340
5386 8768
2639 5094
7644 7805
680 1847
3436 4289
8958 9667
3436 5453
1593 2145
4766 6403
2204 7823
4780 8910
3520 9403
1530 4760
2940 6106
4335 5835
419 784
858 3207
3621 4694
2436 8300
400 3330
5185 7574
1923 4881
3899 7373
2396 9533
8099 8735
8699 9939
6040 9436
851 6033
746 5459
4213 9932
823 878
3478 5211
9347 9446
5808 8530
6384 8035
417 5669
2527 7426
1386 2491
1872 5465
3495 4677
5514 6990
2378 2492
1428 8130
1640 6113
2719 8239
881 1943
4121 6306
3 9340
4669 9692
565 7132
5382 9923
8668 8948
552 2451
2909 5720
3109 3341
4269 5714
391 5455
6196 9794
8723 9905
2358 4181
2498 6751
1472 3969
4048 6118
767 2022
736 1264
3031 3381
591 4712
1033 4701
541 8279
61 8305
6276 7640
423 2063
3830 9761
7760 8896
4747 5940
2332 5756
4185 9431
3467 9056
6493 7603
4531 9558
2030 6662
203 3574
1298 3544
7545 7778
2856 3577
288 1965
727 1036
1563 7781
4100 9549
4197 6473
3305 6750
1544 4558
1658 2385
5037 8510
5169 7405
3820 5682
863 9916
5856 6984
4735 6004
6300 6643
4146 4318
1766 7516
7553 7785
6648 7505
647 2608
6880 7519
2985 6469
1307 5485
1214 6945
1425 1704
7476 8999
4835 4974
6715 8369
1474 5069
6637 9306
1731 6693
3531 7864
427 8655
4286 6597
4186 5992
1069 3267
3574 3982
2153 4748
2336 8393
1149 8537
8135 9835
5801 6642
1177 2382
5666 6165
4310 7894
2952 4077
5962 6174
3066 9001
1516 3679
1900 4639
2976 9745
6778 7293
1348 3286
7556 9717
2776 3593
3380 5182
922 5704
7161 7783
743 2849
2149 9187
3214 6816
4338 7479
968 4979
2529 6775
229 2566
1636 9806
6662 8229
5042 8679
6074 9539
4004 4788
2180 6565
1680 7570
625 4029
7861 8625
5084 5731
7549 7960
5004 5777
4629 6594
1057 1951
6600 6636
3014 6963
3157 6661
4016 7044
4909 5936
3062 6810
569 8093
2847 8820
2483 5100
201 9531
2438 4550
5858 6836
3813 6110
5565 9373
3164 6776
1949 5910
4723 9441
928 2317
203 2912
3851 9641
967 1612
4398 5805
5297 8220
1172 6995
6334 8830
128 3998
3672 4703
8606 9928
2221 5807
2346 6512
6680 8205
5082 6337
5678 8383
4406 5834
7544 8871
3851 3890
4081 6083
460 1581
3556 4479
1104 9123
623 7175
1110 5019
525 4167
2983 3181
3508 5239
5 9153
247 9912
7395 8527
2374 6525
7691 9230
1268 9760
873 9378
450 3672
210 2148
8774 9976
933 999
5911 7519
2753 9505
1712 6482
2012 5045
1314 9404
2898 7496
1294 2559
5919 7478
2395 7176
5667 6738
2474 2985
2421 6206
9186 9890
5437 6749
5038 9881
791 2545
778 6042
4027 8194
3356 5045
5806 8062
4450 7833
449 3060
5974 8357
2484 6994
511 2977
6567 8415
4961 9269
4578 4966
4513 7410
525 1678
818 7093
5129 8115
2884 5356
5342 8929
4226 6591
1675 9790
1777 4974
113 4949
579 3845
3048 5892
5518 5908
2969 6190
6449 6860
1979 4640
1899 2599
92 8502
2325 4977
1396 7427
5111 9826
2018 6041
1111 8367
9188 9196
5491 8874
1360 1908
1985 6964
2435 6580
800 5870
4804 8954
3808 7691
4220 9984
2691 5931
5472 9783
562 5802
1946 7889
23 2796
4126 9776
995 9850
829 5830
4317 4583
8741 9652
678 5151
1693 8927
2954 4953
3569 9081
1882 6398
2137 7256
3397 5570
1536 9459
8361 8734
1789 6949
4947 9832
6389 6405
805 6643
922 7284
336 4661
14 756
844 2361
7541 9293
1602 7448
5603 7962
2863 5338
2555 5881
2984 3853
3289 6804
4972 6412
5099 7734
4917 9568
8123 8256
4713 9425
4827 7094
5794 7635
2530 4104
5139 8934
4356 5513
7133 8146
4560 9473
7810 9107
4737 6752
8534 9282
743 932
1621 9174
4020 8666
2583 8608
6319 7123
367 3117
1528 5309
3621 6127
161 1330
2457 8503
7947 9133
2671 4951
5547 6637
460 5304
6111 8454
4562 7811
6343 8152
4375 8885
2982 5718
3330 7533
3831 8161
2338 3636
4756 7082
5016 9784
6295 9254
5863 8121
106 6165
584 8613
1291 6993
99 6082
4095 7203
5425 7802
8575 9715
7785 8120
7317 9731
2429 6059
626 6765
6541 7010
3680 9742
4392 5527
4535 9022
7659 8635
5053 6216
1719 6072
1027 4438
3481 8683
2059 3665
918 1538
8802 9671
3016 8020
2061 9772
3091 8918
857 8608
760 3724
1694 4596
303 3990
407 1865
1017 2578
7056 7837
4729 9538
650 4248
4186 8252
419 8189
3521 9700
4553 5312
168 8682
1537 5739
3011 4532
3455 5575
999 4954
2653 7458
8127 9156
2148 8890
709 5355
1260 3039
1467 5907
1591 3466
183 5897
161 5770
83 9147
7340 7915
989 4467
1221 4361
3059 7109
475 8448
424 6419
2615 4914
4393 9603
7474 8647
650 6964
249 4435
5100 9159
4255 8267
6399 6924
1600 7053
483 3122
4009 8657
1900 2374
7301 9616
3242 6772
1056 1454
3079 7547
7560 9568
3273 6370
3613 4466
8335 9406
2105 7809
2779 7482
422 1120
3650 4214
1232 6271
4525 9018
2223 8409
1165 4318
8708 9531
6402 7402
2698 3024
1514 3706
2778 8474
3301 7994
176 1661
5696 6267
611 970
8722 9019
374 2193
5875 7374
3545 8983
2395 9840
546 7078
2949 4124
71 800
755 8621
3115 3142
953 4655
8569 8608
878 6482
8256 8461
1078 8691
2901 3662
5100 9355
711 873
119 3354
6690 7282
2481 7651
4843 8018
3293 4352
4545 6374
4254 9961
535 9167
989 1669
4743 6595
465 6145
3293 5571
2560 8250
7965 8360
7025 7464
3015 5796
4264 5941
877 1809
3608 5590
1621 9640
1585 7693
3652 9834
6396 7680
6955 9204
3080 8737
3456 5196
3036 4754
6312 7920
2117 3752
199 9174
5060 5319
993 4492
7112 8269
5283 9282
7490 8350
2795 8521
2193 5720
4523 5087
1623 5477
3060 5343
3159 7300
931 9280
2435 9832
1857 3808
1012 3757
2904 6427
1719 4499
2291 5991
4501 7313
2757 8655
939 1954
5215 5606
639 6662
1936 4954
5380 6335
2917 5739
3676 9793
7164 8535
6806 8695
4901 6023
622 1734
4629 6930
559 3340
116 6374
2172 3701
4263 9342
862 8612
8657 9168
1006 9161
2263 4591
4478 8404
5709 7527
5520 9033
183 8579
3290 9537
908 8352
485 8385
2115 4752
8449 9958
5219 9263
1266 1271
5594 6942
5630 9307
1198 5698
2755 8192
2881 5564
253 8463
2318 3115
7413 8120
3078 6550
3770 7887
4141 6396
1758 9582
4056 8122
2082 6270
2479 7435
4093 6342
1300 2586
7511 8420
1969 9923
388 6733
3356 7285
2286 5064
4407 4780
4106 4693
1861 9571
2802 5365
5692 7217
3463 5721
4300 6350
5915 6125
1396 9963
4836 7131
314 6232
1463 6658
650 2238
3197 6903
4478 7486
3784 8994
4744 7757
1880 4316
340 1592
2676 3917
598 8883
3325 6027
2215 6625
1504 5848
2296 7812
5731 8970
2481 3632
1324 7544
4560 8296
2851 8429
1795 4904
1715 8558
7247 9316
4316 9341
4252 9064
903 5220
2612 7298
3183 5395
8515 8995
813 6905
5648 8647
298 4940
6986 8193
4355 9314
681 3197
2881 4399
1920 8642
1033 3891
1523 9965
3048 4911
982 1845
3049 7739
3563 9886
4425 8869
1500 9179
3645 5312
9143 9487
919 1062
2460 3516
3722 8798
1951 6859
3523 5656
1921 3529
3878 6519
5757 8741
3127 4731
1729 6277
420 8654
1248 7578
83 8736
2413 7417
4207 4264
8087 8965
4947 8178
607 9861
1342 1405
2173 4914
1622 7726
2683 3891
4136 5078
1606 1872
800 3466
1191 6151
970 7259
1717 9360
4049 9816
2269 3831
4688 5243
6696 9811
235 1861
515 7588
7297 7658
1840 9545
3041 5047
2230 3784
540 562
1491 2326
482 903
5503 7645
1875 6021
4262 8536
3779 6919
3531 8150
1953 4586
470 7672
7390 8020
3585 5605
5608 6491
1139 9843
6534 9443
8563 8910
8383 8671
558 7705
4513 7964
843 8336
3132 3784
2660 8457
8100 8393
2532 9636
1038 5814
318 3832
1535 4886
1782 2286
3495 4146
3661 5362
3305 8380
2611 6108
1411 3645
7550 8630
6071 7602
7224 9649
4360 6406
8894 9633
2153 8623
5747 5913
8934 9705
3048 4082
634 3752
2974 6293
654 3408
132 8395
3740 8993
1273 2484
5112 9831
8632 9981
7992 9540
1765 9084
1252 6417
2009 8270
944 6582
4055 8562
22 8094
3625 7324
2216 4005
5706 9342
122 801
137 5979
239 3269
7128 8408
1617 5969
2572 9813
2179 3607
297 6610
2401 9950
1599 3585
7068 9579
5225 7075
6879 9453
268 5450
3194 4872
2487 3336
5595 9760
1530 9875
247 8325
751 815
336 7977
6091 6702
1885 2427
7845 8055
4666 8355
6956 9925
5285 8048
6416 9854
3924 7430
913 8540
4803 6251
615 6862
5298 8858
6108 9727
2895 4766
255 7980
7566 9909
3770 7250
6514 9380
4505 7202
1629 8493
2113 9935
2846 4315
6095 7351
2488 4788
1699 9073
4986 9457
46 8680
129 1861
2237 5321
7932 9894
6539 7512
1401 2175
604 1864
3198 5645
4308 9956
430 9478
7482 8919
1869 5690
6330 6648
2452 7481
3964 5432
4463 9538
4433 9583
492 7310
744 9643
6780 8457
1795 7152
1607 5557
2412 9880
1717 5665
3204 3859
1386 8134
7281 8661
837 2082
3130 5675
1772 8668
2381 8235
165 4682
5907 7981
7040 8882
3108 5448
2911 5200
2812 5740
4388 5744
6798 7069
3351 6452
3606 7698
3630 9727
1481 4787
1954 4087
103 862
2318 7472
403 1733
2707 3345
2814 6347
4760 5335
1220 6201
767 3097
8223 9504
34 7431
346 3708
4080 4319
1217 8122
6395 9869
237 7484
6133 8170
7669 9131
2101 3418
3616 3805
5379 6741
5115 5664
3043 5199
20 3866
1852 6605
4118 4149
1228 3757
3132 6364
1385 7281
805 3417
7020 8113
2369 9380
3557 6362
3804 6079
1388 1647
5377 9804
5163 8483
2741 8710
8827 9962
1519 3230
1885 4361
8465 9564
6277 8478
4444 7703
4591 5591
765 2125
2065 3867
3795 9792
1238 3851
5281 8830
2128 3492
7048 7496
2272 5993
6017 7637
3283 6166
1121 4511
663 9577
6316 9772
6992 7290
1071 5456
6180 7559
7683 9998
3163 3496
5370 5973
3322 9876
710 6732
1652 1689
7135 8829
1545 3622
524 2818
5216 5341
2205 6973
5339 6794
1800 9730
7642 9733
4456 8520
422 1380
2008 6917
1636 9076
2966 4479
3352 7183
1074 9236
461 4534
2304 8303
2951 5884
1026 6611
4520 7130
7397 8125
327 2705
3405 4649
4848 8664
2643 3769
3338 9844
376 6500
4625 9046
926 5953
1742 7163
918 9107
1339 7297
657 9152
6107 7279
1154 8443
3234 9816
2493 6118
3254 5995
845 9049
391 7654
5121 7910
2732 3691
4795 7683
3798 6824
2188 2894
4601 8512
6501 8775
1039 7259
3323 5365
1536 8633
3565 7831
7002 9517
6559 9456
1700 1943
4420 6379
1191 8572
3799 9152
6124 7590
3268 7057
8729 9123
1674 5274
5543 6578
8151 9160
2804 3272
1936 6342
4605 6387
1920 5995
2378 5569
4526 5060
2406 8413
1551 7352
7774 8154
2346 4575
5486 8283
496 7278
5421 9812
8944 9424
1243 3535
3849 5092
308 3529
5553 8122
295 7421
7252 7412
72 8058
608 9235
5311 5648
7869 8871
3012 8228
6410 9492
3962 8904
4673 7821
2204 7476
754 2638
5765 6100
5967 8986
704 4720
3338 5864
4531 9805
83 5804
1595 1927
1609 5938
1105 3995
1864 8103
3282 3813
2062 6893
2616 3445
3133 8895
216 5596
4995 6172
2780 9078
1117 6085
7272 7569
997 5291
2217 7689
10 3086
1980 3604
760 8669
737 2288
4789 7805
7233 8937
3767 7925
5920 9372
1487 2166
123 5323
5071 6168
969 7714
2641 7047
2968 5068
2931 3099
976 9068
155 375
2317 7070
2887 7347
5882 7973
3225 7948
6985 9614
2720 4740
1503 6119
276 2786
2645 6080
6179 8647
3081 4783
4163 7663
417 6001
659 6223
3986 7806
2764 5654
1507 3559
5447 7048
721 4401
75 7106
1065 1611
1899 2123
3645 8993
1735 2450
2258 8290
5570 7487
2033 6060
3613 7394
2851 5418
211 8385
6220 9048
3422 7784
1112 7727
2561 8200
5831 6697
2622 2757
5743 6147
9483 9547
5181 9041
1185 4532
4572 8963
1340 5235
5410 9524
4361 4374
750 9457
4458 7582
225 1241
791 6412
4585 8171
5917 8932
4249 6163
3785 9173
5296 8769
4007 5115
8796 9754
767 7330
6171 6930
2639 5170
446 8455
4546 7377
445 4034
3403 4447
1551 8716
793 5786
6380 9845
5132 8185
3476 7726
4448 5737
5657 8982
1756 6896
6492 9718
1857 2622
2978 3958
4122 7135
845 1065
7769 9977
1521 3118
5974 7034
5021 6014
7611 9502
1223 8083
1123 2322
1139 4923
3295 8974
4604 5507
772 7671
4875 7469
7217 9110
6073 8028
541 1342
3469 9727
4993 5538
2293 9176
2050 9640
6350 6363
4087 4524
2905 7724
6982 9916
1235 5174
1839 3309
516 7538
2941 5851
4277 6196
523 9678
1061 7125
4592 6461
829 6509
4028 4543
3571 5552
4310 7802
5982 6042
4151 7530
1905 7418
3690 4462
2522 3550
1395 1753
2739 9178
671 1410
920 8766
5875 9357
2822 2824
3281 5185
1211 8236
4785 9997
3282 5418
6763 6771
1953 9210
761 2415
1089 4008
4789 9473
6416 7626
5882 8361
22 5563
242 9111
1948 3945
2280 3706
3765 5591
57 5226
4968 6306
116 7357
3294 5104
2035 9032
1236 5452
8426 8667
7441 7742
1578 7481
2328 9254
997 8389
2132 7129
4023 7155
5945 6692
5204 9620
9241 9426
5220 5589
476 8838
1030 6213
2815 8460
1400 8356
1943 6089
8480 9013
4114 8049
3421 7746
1392 2320
1064 1216
125 7313
7272 8416
6079 6986
2993 7281
5107 6979
398 4541
916 4016
3284 5069
5145 5817
1403 8228
4351 6618
7926 9687
2686 3479
6147 6395
2265 5249
6071 6905
3369 6094
1425 8946
771 2916
8197 9537
3903 5124
935 3640
3926 7646
1696 7924
4969 7586
2832 4784
792 9061
7 2749
104 5068
1880 4106
5878 7928
1823 5666
2336 9985
5415 9641
2479 8846
3969 4972
1816 5434
2399 8025
6969 9262
5022 7780
9656 9995
5758 9600
2354 4074
4700 7997
2574 8450
3919 5748
7604 9019
5426 9945
3288 3676
1676 5917
5885 9854
6591 8900
1441 9438
398 2054
3334 4899
8683 9133
3167 9229
4594 8216
470 6435
3 3110
3371 5227
1090 4124
3110 6959
1850 5776
835 4214
6739 8640
1347 1651
1342 5947
3420 8459
8734 9011
6875 8768
8744 9899
2683 8760
123 6553
2894 5431
2716 9586
1382 2174
1149 9021
285 1826
975 9064
1529 2816
5820 6228
4923 7040
184 667
3685 4583
789 5474
616 3508
5178 8199
4028 5235
9044 9088
3083 5342
2187 3785
192 813
1319 7179
2897 8308
8943 9968
3995 8997
5431 8711
2880 4130
3666 3958
927 4627
1801 7090
728 9710
115 5665
484 7079
6184 7389
3359 4935
1899 2112
7552 9190
6163 7639
3413 6067
2211 7442
4668 9445
5163 9303
2684 5657
4471 4798
1750 4652
769 5406
5501 8330
526 9014
872 4661
8555 9956
4669 9444
1695 2596
4396 8849
7166 7728
646 3399
369 2126
3641 7914
9055 9805
3161 8515
2674 4095
2014 7389
162 6420
1919 7048
4926 7208
4957 5841
5418 9909
1100 9333
3231 3439
5903 8786
2986 7564
8305 9412
788 5315
4399 5966
8439 9098
4307 6170
4863 8735
8008 8315
642 4077
1526 6350
7221 7544
4743 7801
6658 8407
6849 7594
4027 8480
8219 9673
7062 9854
917 1463
331 3529
2003 7131
840 8493
1522 9673
1658 6590
2299 4922
1954 9776
4753 9804
6159 7689
1259 9246
3976 5285
2192 2666
470 1396
4539 5845
531 1172
223 1759
571 6108
561 9123
520 1144
2657 2879
3494 6407
6807 9440
4133 9162
2840 7397
1451 7009
3023 8548
1478 5093
1002 7492
5483 9341
5400 6633
133 7944
7189 9637
3443 3835
899 7330
7812 8587
3173 5953
1014 3129
2064 5807
4202 8550
720 2858
3630 9089
1939 4065
6050 7805
7495 7537
664 7555
7761 8473
2506 7503
6031 7655
1164 5372
1262 4399
272 6802
6069 9973
7723 8700
4292 6721
1770 4276
3320 4560
682 3006
8173 8474
973 4812
1702 2896
207 7884
413 2519
1450 1580
5496 8102
1623 3195
2567 8350
2332 9257
3488 7165
3738 9086
2867 5873
1751 8854
6906 7408
547 9222
3025 3682
6269 6296
1561 7639
1388 7501
207 1910
234 8103
7264 9702
2918 4521
2545 7618
3497 5736
5151 8271
414 8847
1690 5045
591 4313
4260 6545
6142 6901
8464 9017
4054 5890
685 5587
338 1710
1944 2403
1305 6059
216 810
2395 6575
7317 7736
3294 4889
2067 2499
4058 4583
5357 5546
1808 5484
1021 7661
4507 9613
22 6592
415 7493
4377 8917
503 5869
3624 8174
6389 8392
4980 6649
3384 7906
3168 7301
437 6176
1225 6132
908 9842
1091 3592
2999 8121
3354 4954
5463 5495
1867 5145
1503 6849
295 4596
3457 5353
4980 7863
1690 6374
861 4554
3265 8436
6544 6962
1010 8605
4260 9205
1954 8219
4250 6923
8410 9746
1318 1576
2034 7550
479 5164
6988 8319
4592 5589
118 3627
7317 7576
638 2754
2396 4153
3104 8585
5366 7576
4013 6153
339 7627
1490 8220
1456 6638
4576 7336
7316 9322
2852 6462
3758 4508
1969 2585
3114 7587
12 4550
3986 7253
1115 7408
100 7814
3680 8584
7305 8361
4959 6561
5488 7918
3213 8936
7327 8752
323 1156
4797 8902
2765 3749
3016 8958
3761 6413
7160 9450
3588 5383
82 8171
5345 6756
3558 7918
4079 7114
5107 6912
7529 8032
56 3862
2125 4809
3096 6656
5392 5395
3158 9967
2221 4106
320 1129
3939 9166
225 7182
7315 9078
6409 6657
1693 5572
98 3457
6733 6919
9127 9657
468 5542
1414 6504
1826 9244
2233 4486
7606 9525
6796 7678
3396 6429
2454 5601
1092 3821
2113 2144
5128 6026
1914 2232
1001 8294
424 908
7075 8312
7051 8006
6565 7341
611 1602
8211 8495
2432 8688
7720 7804
4885 9722
1173 1776
1624 4541
1038 4624
3744 4203
3193 8181
1416 8530
1190 6139
3200 3695
3623 8526
1036 2195
1448 6603
3204 6213
5508 9186
230 7783
6319 6916
5001 5062
508 8860
1633 6394
4478 8827
2179 3313
4378 5102
6214 7144
1516 2960
2234 6501
2678 5820
2194 2306
1677 7963
5570 8626
2461 6984
1600 5606
7900 7930
5940 7063
8127 9072
647 4360
4269 9030
3513 4684
855 6691
946 6446
2910 4044
1894 9731
3681 5155
1972 2550
4419 8693
328 4312
2745 8457
6058 9297
5988 6189
3748 9057
658 4459
8943 9257
2383 9133
1672 2445
7590 8598
4418 5840
601 6064
635 8361
8479 8945
1336 3634
1483 2182
799 1722
159 5056
1397 9963
4072 4352
1427 9204
405 1987
7 8107
1807 7681
7984 8368
2154 6755
1352 6597
3777 5506
5816 9286
1608 7400
4090 5090
8039 9161
183 1584
5719 6080
2568 4175
878 6295
3026 6295
6486 6645
2546 5418
1260 3009
1685 3049
1584 7480
1231 6216
3837 6003
1059 6191
3701 5758
6330 8147
6527 7795
3913 6369
3108 7341
3618 8167
3011 8228
538 6708
239 8068
2590 7887
610 6419
2508 6901
104 600
5781 6939
2077 8913
8595 9156
779 4676
2405 6493
6716 8253
106 8069
1909 3362
7734 9608
4527 5085
1036 1377
6950 9454
640 8843
3172 4262
140 9911
2115 5302
1435 4061
3452 5226
1331 5782
751 6146
2534 4699
4632 7713
1021 9066
4836 6608
3643 4134
1174 4719
5646 6053
4014 5391
503 1133
3376 7811
2720 8896
925 4960
2273 7799
1418 8070
2144 2780
520 3360
1404 6305
2545 8013
220 9679
4213 6101
2157 8228
3487 5089
6153 6345
1217 4363
2459 4065
3379 7682
730 9929
2342 3425
6781 8952
73 2246
609 2385
4610 6357
2649 8055
3687 8395
2549 3354
1217 1476
2616 4292
2021 9299
2649 6714
1251 3305
4939 9203
7683 8461
6206 7859
7994 9628
383 3772
6696 9129
2145 7317
3550 7484
3865 4611
6365 6373
1856 9866
9767 9956
3028 5041
2028 6886
3097 9372
5741 6764
7859 8385
3996 9160
1205 3081
4334 8490
3376 3382
8107 9315
793 2482
1673 5566
894 1997
810 8976
1362 3101
2875 6917
2787 3852
3378 8603
8199 8435
830 1101
149 9348
673 4214
4682 9015
5137 6611
1955 9676
2418 3668
2571 7825
5528 5856
2582 5227
663 9400
4309 7233
419 6189
198 5310
1277 3409
4017 4883
6769 7140
2637 3395
1367 9529
6665 7682
3378 4980
613 6108
2131 3103
5837 7619
7261 9756
7072 7461
2165 5499
1890 9257
4441 9594
1444 9297
5404 6873
5282 8361
8273 9129
2235 7608
309 8952
162 1654
1304 3686
1645 6546
2708 7241
6735 7587
5793 6633
67 8070
749 3311
1363 3167
677 8426
706 3626
1622 5077
3023 3386
1467 9447
4017 6568
3379 8104
6208 7013
4476 5944
143 1629
3024 8144
930 6648
7188 7356
4349 7477
7941 7965
1703 8167
1875 3531
9574 9644
294 7676
1820 4795
1109 2963
2710 9228
7068 8744
1936 3800
7093 7325
2662 2719
3698 4685
8500 8930
1289 6392
3458 8396
654 4881
1868 2981
3113 5138
5828 8305
2941 6612
1866 9415
2858 5565
8095 8467
7017 9049
2449 6404
1774 9929
3898 5173
2665 6402
1952 9898
5527 8506
2774 7933
1930 9686
2048 8552
4932 6657
1757 4383
2760 8089
896 7602
1455 2588
2151 8623
4723 7932
4060 8601
6263 7541
1773 4096
4158 5322
2487 7108
5605 8104
2260 7451
3396 9664
169 9686
8592 8783
5151 8107
4606 5029
1288 7983
2733 9441
1506 5733
3533 8403
5138 6608
4588 6843
14 8921
1423 8578
8397 9839
2697 6595
732 2740
2361 3450
608 5176
5542 8247
708 5481
810 5825
6345 8683
1893 5554
2587 6762
7567 8229
3535 4996
5018 5326
1751 7938
2286 8256
1741 6373
4611 8347
1530 2664
2622 6157
4561 9657
2938 6275
6936 8081
1902 8285
2266 6718
1726 3872
980 1380
6040 6897
1335 2853
2672 8763
1903 3260
3177 5522
1588 7326
3054 3569
4323 6422
3463 7445
952 3564
268 722
737 2832
7745 9112
9777 9950
314 1090
5513 5984
5822 8354
3980 7576
4053 4141
588 7210
1848 9580
668 6125
5571 8935
734 1058
6441 8608
4628 8005
2916 5054
4738 5100
1262 4612
9252 9709
4580 9185
804 9526
2006 2518
2850 7545
6932 6988
255 7270
2132 7349
8031 9155
775 4199
7320 8834
5530 6129
4359 4912
5391 7741
1051 6308
6437 6947
1539 4964
8714 9674
5100 7686
571 1157
4096 5036
3862 4045
6071 9748
1217 3151
935 9598
1177 8497
1132 3219
2258 9744
3495 5594
5215 6610
4145 5176
4717 9469
374 4895
4528 6713
500 9376
5945 6601
1800 3257
525 2964
2429 5465
3912 4423
7730 9918
3891 5950
3831 8315
412 1810
553 9686
2275 4769
588 9462
2103 2430
3225 4135
1189 5194
3269 6832
553 5258
947 1165
4021 5173
6009 8769
456 6516
2205 4792
5701 7806
540 1343
1627 1890
1762 4291
1608 8422
4991 7244
2208 9867
5849 6852
1893 6972
4942 5001
1431 4828
3008 7698
1467 6776
540 6310
1206 9910
7271 8833
3840 3874
463 5557
2894 5905
5012 8373
1930 8990
2932 7733
5420 8793
2360 6202
1424 6275
3599 6357
503 4689
2958 6041
4079 9313
2881 9672
5374 8848
4296 4539
8880 9771
737 7695
646 7621
5964 6686
3113 3940
2285 7015
475 3395
4298 5392
5693 7206
5500 9261
2099 2769
1156 6666
1103 2184
3961 5444
6142 8963
512 4030
1871 2168
2323 3400
318 6979
4462 8296
2344 2651
2384 6657
1325 2276
1818 3406
819 3784
8199 9713
882 9582
7751 9244
4752 7230
1567 7393
5727 7790
861 3404
4860 6103
4153 7278
2428 7654
1351 4721
7565 7994
4132 9838
21 9839
2669 4590
2313 4704
4585 6234
5866 9776
1254 7260
246 6955
3203 7847
6305 6868
641 2251
125 4103
2620 8833
244 1237
996 8297
3723 4766
2041 9610
2956 7048
697 3736
6718 8012
3556 5723
1329 9798
863 2062
423 5443
5432 7762
621 3794
403 6763
2578 4463
1078 6550
308 5236
6108 6877
429 6067
4322 4744
2732 5263
2545 6732
1462 5216
7762 8166
670 883
3993 6318
2382 4300
802 1415
1341 8742
445 7353
1061 9201
2003 9473
867 3108
2260 4152
741 5077
2389 8189
4498 5557
287 4233
2165 4812
4923 5843
455 4639
3151 8829
2587 5190
4404 6508
2509 7836
2058 7713
156 9991
5260 9216
2832 9845
4186 6367
930 5955
3116 5710
2668 8140
907 4027
2398 8933
1924 4869
5042 9496
991 9417
1616 7915
4338 7359
6045 7127
3667 8448
5422 9984
48 1116
2048 9143
5689 5879
2398 2574
109 5732
2452 9573
2959 6379
7534 9743
4624 8902
271 9433
5266 8262
6872 9308
3769 6870
5005 5860
2614 8419
5639 9219
5208 5647
929 4435
4280 4838
2936 5479
4995 8391
5579 9305
1930 6671
276 8106
6636 6826
6514 6783
2303 8131
5495 8333
4598 5193
5076 5256
2555 9833
1290 3145
6921 8319
3816 6153
3265 6462
2622 8188
6755 8908
5387 7058
6400 6694
1006 2970
3131 5868
877 6458
4226 5755
7361 7885
2229 4320
4105 8851
3017 3321
179 6782
4071 9587
802 5508
2111 2724
5982 7675
3489 6509
3491 9148
181 5434
834 4577
3292 6024
2227 6878
2505 5533
4520 4865
8607 9666
1705 3874
111 7561
5099 9820
4181 8850
2276 4974
5648 8373
2343 2351
1904 6314
3032 7582
2138 7795
5750 6795
1524 7565
4116 9543
4022 8533
1218 4293
3359 5286
8655 9455
1421 4251
9371 9872
7990 8535
3310 5512
1973 6733
8197 9979
1706 7280
577 5422
81 5983
5168 7198
3635 6054
2383 2975
169 8797
5569 9942
4868 9876
6622 9581
3441 8903
2177 4525
5118 7506
5753 6535
1188 6872
3233 8387
4892 6393
221 3157
5110 5678
1129 9271
1300 6833
8285 9092
6900 7833
818 5626
7932 7974
655 8398
4281 5132
243 1177
2221 3278
1580 9422
1515 3911
5861 6776
7372 9157
1900 8605
1826 6568
7536 9714
1354 9022
729 9398
6602 8531
63 2269
1505 6995
1446 3394
2157 8875
3950 7714
3828 8532
1581 3771
4220 5060
374 2607
6571 7572
2867 5576
7653 9263
40 682
5990 6536
1162 3750
862 3030
2262 5461
1855 9392
1632 9118
4029 5037
3327 3838
5863 8291
2415 5512
6664 8992
1968 7635
2996 8267
2156 7859
1293 6670
2259 6880
3427 4018
5990 7993
2172 7662
1929 3957
528 1424
3955 4173
7339 8845
2567 9812
3965 3998
1053 9924
5512 7342
1807 2079
71 8041
3171 7944
2802 6101
5441 9116
3979 8289
3701 8631
2455 3204
2534 4947
6423 6535
2657 8621
702 8727
7130 8699
8190 9233
3996 7305
2658 4876
8830 9308
2535 7844
3286 5623
1051 7030
2675 9258
444 4381
2247 4344
9093 9406
7471 9059
2272 8878
253 7847
984 4537
8778 9355
1532 7751
4306 6240
2853 6517
7721 9046
4978 9554
5639 8970
1663 8577
6391 8113
2039 2800
5018 7089
2480 4264
40 4315
5642 8157
3100 9146
4350 4657
3048 9999
502 938
6567 6794
2328 7577
673 9191
939 5872
1582 4750
208 9264
2391 6401
3071 8369
2513 3282
7096 9019
3137 8575
4186 7281
3051 3154
2890 4305
2379 4809
5375 9069
5144 7535
3663 7227
4911 5667
3929 5688
6113 9790
3821 7804
7112 7547
2715 7100
2920 7156
368 3497
2388 6365
7107 7357
6157 7500
2973 6651
3520 4381
860 9142
6495 9291
6447 7418
5275 6305
2306 9255
5866 9901
2929 6153
3687 9085
4892 5053
2891 6383
6343 7453
3621 8246
6879 8892
3382 3957
6032 7369
5703 5777
5963 6876
3112 9780
2030 6393
1371 1896
5317 9348
1192 7288
1948 5870
7173 7245
3725 5830
4412 5851
2117 5156
911 2681
664 1679
4959 8347
4313 9281
1067 8221
867 7743
6119 8491
1760 5085
8369 8509
128 3437
1064 8365
3417 4403
865 3489
8992 9076
374 8691
4867 9740
2090 6400
5327 6498
6829 6916
3185 6438
3242 4356
3652 6015
971 2415
5689 7982
2227 8600
1171 6811
8231 9660
1197 9772
6068 8804
6911 9958
2409 9185
4758 7377
842 4157
3837 5829
1582 1595
134 5682
1227 5932
4038 5113
7464 8083
2416 3765
437 1074
6895 8684
97 2205
3903 8128
4993 8847
1797 3367
6669 7028
2079 6470
1107 5038
7583 7910
8638 9326
4543 9105
2591 4489
1513 3391
25 4842
2643 7832
5163 8192
4736 6531
3057 9989
4527 5691
2282 6329
3079 5269
1447 5461
1901 4859
999 1645
687 3580
884 8902
3552 9526
2327 2528
3686 8982
4963 9357
5531 8800
6155 6910
3918 9563
6053 6879
2073 8633
5686 9230
3205 4678
4597 5893
3986 5856
2741 4188
4098 9497
412 8654
5500 7025
4876 5817
5803 6587
4391 7743
7925 9263
2150 8144
3258 4226
7496 7684
4981 5313
2752 9389
2122 9599
6563 9393
125 247
1648 5656
3958 7950
2247 3515
1415 4414
6678 8665
49 1687
6646 6673
1743 5576
4096 5608
4510 9866
2363 8659
4249 9628
5392 7203
1735 1780
290 9720
4032 6432
820 3940
3850 4256
9306 9403
1405 3422
172 9130
3486 9087
5242 5983
6404 9763
3336 9006
4975 8384
7605 8101
567 6806
5978 9788
7073 9658
1264 4906
1055 6644
1404 1476
3031 5865
4551 8755
695 1379
3265 9636
8477 9627
4510 5234
2551 7362
3327 6482
140 430
94 4252
281 1223
2684 7627
5177 9316
826 7834
627 5823
6511 8663
7931 8524
7059 9034
6048 7134
2752 5551
6168 7438
4033 8098
5040 7876
2845 5549
6219 8274
9131 9508
1019 9681
3091 3183
3748 7341
8143 8487
9 7333
1429 3542
6682 9418
1701 5752
5101 9923
5332 5358
2566 7415
5405 9308
7379 9331
3126 5146
2948 7038
874 7097
1488 4823
962 6392
6373 6382
8560 9187
2345 8931
235 5352
5521 6159
2047 3662
3320 4372
2765 3513
5250 7690
2308 3976
6847 7686
39 4893
2802 9436
7675 8718
5149 9217
2457 3624
177 2928
109 2791
4251 9486
2325 9105
70 3831
1664 4873
5388 5915
3038 8146
5957 9969
7183 8581
1035 4727
1343 8786
391 1277
5110 6552
1374 3595
1798 9665
7499 9359
688 6762
209 1323
1169 6994
3847 6267
583 9875
7933 9538
1917 4173
1351 6179
6618 9336
6596 6782
2620 4991
3309 3458
6178 6797
356 8184
3600 6751
2118 9704
1515 5486
9101 9513
6133 7870
1457 8916
4284 8441
117 5721
9125 9441
1075 8683
3186 6770
2627 6588
6106 7116
5631 8327
6540 7219
3098 9292
6236 7882
512 8430
4017 5862
1411 4677
118 3812
3802 4007
9459 9613
2962 7930
3836 3883
4992 6493
6288 9224
5573 8318
1732 2687
2481 5308
148 9114
1833 6370
7618 8197
2489 8046
7632 8793
7206 9835
479 3758
706 8629
4072 8834
5123 9571
3524 4906
887 1815
4555 8445
794 6599
5962 6735
3337 5390
904 5023
4204 7749
2289 5086
5175 7316
5069 9159
1513 7197
2394 2757
1292 8043
2387 4154
1951 9166
1572 2889
2441 3390
4294 4802
2214 8539
2273 2372
3780 6185
3988 9854
3257 9125
2108 5396
5349 6302
6653 9592
6424 8312
2174 4681
4670 5660
1543 8796
525 6606
1886 8143
750 8615
2876 5140
2559 8237
6600 9178
8981 9921
2144 6725
3249 4037
457 1206
339 934
4256 5203
1494 9683
49 9757
512 3358
2540 4936
724 4042
1628 9710
2010 4393
953 8618
1643 9606
8002 8153
3203 8072
2453 9405
23 5478
3532 8475
236 1337
1633 3876
281 3183
2798 7258
4293 8238
5103 9498
581 8261
318 6148
3606 6981
192 8312
1181 3024
3774 9386
3976 9134
5251 5848
1675 8795
2009 9377
805 6255
888 3191
2852 6678
189 3088
2369 9703
2611 5718
519 9485
235 4741
5103 8428
2882 4670
1539 3139
84 4183
1525 4807
2235 8128
2916 7974
228 7187
3869 5436
5572 9954
1663 3733
1469 5101
5514 7077
3524 4328
1108 1999
533 6171
434 1356
1704 6396
2523 2751
6717 8302
2781 3260
6815 9108
2292 4952
7057 7323
3266 9078
2296 5237
452 3112
2704 9150
2426 6192
1397 4796
7534 8380
2055 7529
3996 7266
9741 9868
1646 7424
3182 3542
2360 4925
4357 6635
4295 6071
3639 8743
5571 9398
2586 4927
2505 4280
5793 5831
4666 7909
2247 5584
493 2189
2426 7062
692 5866
4946 7423
3160 6542
1541 4378
7047 8720
1987 4880
4117 6775
5071 8884
4082 4308
896 8932
1882 9742
2672 3505
2937 3252
3800 8423
3567 8666
5481 7694
355 612
2363 5099
3402 8609
3051 3635
1834 4738
1136 9341
5642 6162
5141 7837
6036 8390
3417 9653
3007 6012
4598 8177
213 1497
1736 7590
8533 8534
518 4527
726 7354
936 4208
883 5957
6547 7638
1313 1956
2139 3636
4941 6646
220 4365
2672 7544
5322 6203
4025 8831
2332 4519
4378 5577
760 3411
2852 4256
3199 5946
9181 9843
7964 8899
3545 9319
3460 4583
1328 9541
2221 5146
5865 6046
2556 9650
2745 7103
1435 4013
831 8233
4251 7502
3889 9382
919 2545
4548 8805
6802 8104
633 4215
7135 7324
6422 8615
3077 3647
7621 9082
335 3822
1085 9372
1138 9326
1328 5834
91 4789
5396 9106
9126 9235
1101 3923
2042 3998
2259 6867
2044 2632
3174 9858
2349 5256
5759 8279
4058 4906
4186 5378
885 2382
261 6268
3832 4674
3758 4865
4786 5395
1961 4498
372 9094
5251 6932
1466 1616
140 7436
3676 3688
4599 6722
2138 7618
1663 4764
5275 6861
1782 1888
1958 4231
2125 2893
1030 1913
7763 8033
2753 7299
943 8415
1736 2930
4884 8277
5823 9379
5622 7212
7218 9309
3280 4922
2282 3254
3762 9555
5958 8687
4308 6349
4848 6062
2785 3996
2931 7091
1960 4560
5809 6107
4211 6217
352 8383
3388 4010
4354 9267
1203 8345
5248 7863
1575 9166
3166 9464
1025 4964
1037 5412
2522 8926
5263 7514
1369 6263
349 2218
2728 7378
1110 3749
3524 3666
1097 5321
448 5810
3585 7879
4192 5431
312 4799
101 4086
5412 9692
1183 7963
1607 5424
526 6398
1013 3799
5713 8813
5401 5602
4549 8375
1461 8640
601 3942
324 5837
5613 8453
466 7742
1327 3362
4418 6264
1269 9383
996 4498
4309 8562
4605 7263
2871 7812
407 4851
4229 7695
1464 1641
459 5083
4257 9213
5834 6073
2979 4713
6597 6777
3190 4893
2281 8337
7836 8754
228 5310
264 4804
4852 7017
3565 5781
3852 8036
4850 8544
2777 7682
2983 7425
2027 3902
1472 7003
8331 8878
3275 6166
535 2036
4401 8371
516 6046
6700 9181
1997 9644
1736 2059
2640 5479
2588 7444
1633 4166
242 3509
4982 6848
392 7749
2927 4556
229 5570
5177 7805
188 1709
234 9889
5358 8919
7449 8848
7594 9690
1185 8325
1542 3304
1102 8424
2848 9630
1603 3254
4091 7576
172 607
1197 2791
4360 6242
7894 7941
2842 9296
1640 5237
2418 3638
2986 8588
915 8862
9439 9677
2150 8950
2409 2899
1330 5198
3058 4115
1169 7504
7622 7781
3392 3524
4592 9920
1502 6152
3803 4674
379 9096
5866 9808
6972 9774
2851 8218
2840 3252
5195 9651
3099 8214
5507 8170
1836 3597
309 9446
3507 8384
4594 8795
228 5889
1046 9421
2455 8072
1552 3919
3084 9378
255 9105
773 9211
2651 8806
1219 7614
7494 8523
1890 9530
2533 8142
4177 6059
5827 5981
603 9685
878 3486
1777 3991
1385 7037
242 6845
1777 7375
2652 8557
2620 8345
934 6394
3510 8104
5212 8234
2638 6204
3598 8711
1280 2438
236 9737
2786 7972
1144 9600
7481 7742
5206 6176
2539 4969
297 5670
1907 9730
6470 9292
5640 8124
3620 8604
6535 8763
8063 9686
6220 7323
2727 4850
2113 6075
1792 5075
3108 7701
5434 6237
6513 7844
2891 9119
607 6209
461 2202
3586 5666
4531 6171
4863 7022
5957 8208
4407 5812
1086 6310
329 2960
7773 9543
92 4295
292 5407
8949 9039
989 7278
838 2436
4856 9099
4043 9764
5031 7259
5917 7413
835 8760
1190 4502
68 7569
4061 4235
3899 7229
4458 8022
812 2552
5926 9678
89 5497
5633 9697
1709 7504
5787 6451
3723 7633
3704 9632
3753 7896
8749 8874
1304 6674
994 1112
6711 9349
5270 5326
412 9520
2931 7406
3108 9452
569 4216
1898 2279
2907 8349
6442 6936
3916 6402
5013 8303
7233 8766
5617 7377
7204 9373
6767 6853
7409 8072
6438 9147
4062 9114
544 9896
140 4820
1277 7406
4654 9836
454 8208
2846 4130
5453 5710
6644 9476
3748 6757
3494 8313
9091 9539
1626 5402
47 2233
1312 3285
5472 9342
1038 9251
6459 9798
3863 4171
5444 8830
1752 7580
3286 7574
3712 7331
1968 5540
1301 7589
7324 8691
4588 8042
1140 8644
4933 7868
4070 9409
7366 9441
6500 7990
665 4354
917 9037
1671 8585
1191 9495
4843 9515
164 6163
5139 9163
735 2472
5217 5775
5310 8350
3594 4928
4337 8602
2558 4702
1999 2761
25 6760
4069 8322
987 4142
2949 9784
306 6766
9608 9709
990 7755
615 1379
3011 8355
1211 8153
380 9122
3268 7564
451 5279
4449 5425
3769 6255
410 9236
6296 9125
2723 6227
1319 3803
5595 7364
5210 8963
828 3774
2512 2746
2912 6259
4690 7179
2781 6886
2999 6250
7547 8737
7974 8998
3290 5162
2181 7586
2114 3189
1250 8979
6925 9431
381 7949
5130 5339
111 4588
8130 8753
119 5416
4797 6732
1933 3074
3894 6809
1630 8407
1575 4288
6685 9617
6823 9920
2012 5902
6434 7996
8377 8834
4226 9849
2876 6467
1191 2474
3837 5579
543 3612
3907 5034
996 2602
6279 6389
3307 9956
282 6950
1657 8023
4800 6561
503 1339
4771 7464
1217 7756
7340 9563
849 2865
1040 6256
4370 4849
3651 8657
493 3675
580 8904
4945 9475
9284 9352
5317 8441
7558 8886
4223 8966
941 4914
7799 9281
2305 5915
9707 9871
4613 5778
2220 6438
291 9201
3512 5534
8037 9197
1061 7390
120 2921
6926 9969
2931 9049
664 3753
7398 8346
2910 7953
4193 7939
2255 2967
4752 9361
3783 5485
4722 5930
4963 6402
6521 6926
2494 6265
8093 9157
1603 9659
2982 4190
4253 7084
3578 4654
5142 7159
211 9161
5096 9443
1194 7240
2134 8893
139 1096
689 9511
3592 6616
3712 8838
206 5619
3212 6345
8277 8836
1967 7807
4172 6014
3575 6760
3784 6348
7088 7698
4128 8028
2698 4605
71 3539
3663 5667
114 8895
524 9587
7089 8325
2035 3015
6533 6779
3323 5376
910 8578
3719 4116
7873 9731
2392 6153
1541 9373
213 3116
5355 8864
4913 7536
412 2709
771 8025
4314 8359
689 2605
8417 9723
1004 9038
6550 8029
2283 4258
546 7905
6543 6880
1667 2069
5944 7561
7803 9008
1567 3210
1836 6573
5064 6567
4459 8987
6741 7266
6328 7352
3707 9763
4039 8646
2274 5222
8076 8870
3994 6399
2745 7620
2800 7901
7814 8933
5894 8269
4568 9172
5887 9556
4809 7998
3718 5288
5246 7761
3555 8144
1309 2292
5197 5872
1085 3717
4129 8044
2023 9644
6004 6174
5846 8786
4468 6234
6738 7048
1639 5201
2425 2772
4087 5359
880 8200
468 899
596 7461
343 6809
7581 9091
1733 4565
4376 7159
4777 5972
5340 6294
3142 9646
1487 8329
5169 7015
6082 7143
146 8099
496 6103
3192 7586
766 9106
959 1370
3236 5957
5752 9714
159 756
72 725
6255 7629
1025 5811
427 2088
2447 8868
715 2871
1175 8113
1574 2102
2729 9045
6515 8574
5260 5570
6266 8602
1173 6325
924 8292
4373 7752
3925 9152
1642 5938
1457 6024
7421 8430
2552 6434
461 8700
6893 9423
7841 9050
1162 8652
352 9799
2467 5203
6148 9275
8244 9841
2627 8034
3862 7755
5288 5901
1569 8521
4792 6726
1484 5030
1571 2623
1728 5143
6640 7970
2025 3805
6691 9781
338 4142
4857 7023
266 937
4611 7059
4666 6882
3377 8698
5410 7926
3732 8016
3627 9943
994 6467
3079 7251
2105 9100
4144 9901
6801 8072
3896 4199
651 7969
3451 6307
213 2169
2303 9935
2879 9133
1595 7910
2379 2575
946 3218
6988 8724
1548 5990
8905 9948
4243 7357
387 6156
783 6106
2030 6188
4794 5228
5926 9259
1511 9515
558 623
4225 8946
1919 8264
5592 9576
2364 3789
5013 5522
3136 7996
4918 7073
302 2240
2033 8234
8017 9487
2092 9642
110 9549
2250 7609
7834 9199
4718 5497
8861 9026
3980 8780
5310 7385
5848 6604
1569 4208
4110 5716
4923 5063
966 6050
6441 9511
7229 7815
8097 9044
8725 9154
2254 8615
4281 8918
3886 3960
3533 4164
1394 2196
8346 9951
5348 6146
6342 8799
2734 6599
4265 6896
4423 8630
195 4227
3867 4485
7110 9951
5260 7172
5083 9324
739 5023
1099 3624
489 3223
2714 8427
1754 5907
1971 6623
2530 8875
1926 5818
4531 8158
165 4676
4810 6271
726 6365
597 2205
780 2087
3361 9545
5901 9881
1758 6365
6375 7301
6325 6800
5741 7234
3692 6063
3175 6969
5053 7044
8232 9484
292 5355
5381 9445
427 9829
2368 4724
1095 1583
3894 4620
1727 5474
677 7761
1037 5183
3449 6205
2077 3921
3344 7554
3049 5702
1339 9458
2469 5380
59 8627
2894 9734
777 2299
3097 6711
2067 6798
638 2444
3104 4714
4158 6818
7423 9987
1368 8647
1668 4340
1465 8348
1916 4514
5727 9455
1232 7320
634 3845
5505 9805
2066 6529
1045 6616
3064 6957
1965 4938
1555 1761
1465 6970
1737 2856
2026 3498
726 6592
2354 7127
5030 6057
6542 9173
380 839
872 8272
2145 9595
857 8877
313 6399
956 9018
4964 8863
6900 8800
4568 5119
1527 8084
1803 2972
2879 3296
796 7272
4330 5738
7377 8825
6715 6754
1253 2179
2180 6793
3519 9360
3762 8277
1857 2502
319 5611
9837 9865
215 5551
1477 4728
1769 6433
3821 7381
5798 9958
332 7650
4191 7481
4584 5728
3334 5227
86 7779
4987 6633
777 4561
6321 7947
137 8751
2159 4145
4031 5046
799 3390
3570 5855
4805 5616
3303 9323
578 9585
676 2089
595 8715
1650 8793
8370 9717
2549 7141
2424 7926
4062 4881
2557 8250
724 4636
917 9603
1616 4990
671 5801
3408 9632
1045 7235
1261 6651
2041 9841
310 2414
5693 7219
2160 9880
2122 8644
2006 9758
286 2051
1693 6328
2206 8395
1144 6591
2253 8907
1073 5171
2530 5195
64 6968
762 2896
136 703
3216 8372
2868 7891
6353 9084
1695 4423
5271 8523
7534 9412
727 4334
5946 8993
2110 6815
8219 8287
3002 7334
3618 3633
5608 8690
1632 6013
1014 5071
1700 3724
745 2873
2139 8127
37 9666
4028 7514
3106 9584
576 6555
574 8957
1137 2206
4844 8375
5174 7085
5417 6141
4692 8121
4830 8805
5058 7829
4360 7572
5030 5785
2049 6459
2618 9387
2320 7616
3078 4090
4748 8168
1067 6318
2247 4943
1002 3202
3502 3539
1409 6230
2698 2847
1035 5381
506 1351
1759 4942
1342 7734
4252 6167
1060 7911
1416 1823
9417 9619
4306 8656
1087 8269
423 9913
199 5037
411 2900
415 434
5295 9432
1769 4447
3984 9715
4240 8751
222 9921
4268 8118
5102 9561
1685 7887
6297 8468
4857 6661
4261 9688
2270 3205
61 3563
5764 8072
1834 9337
7206 8606
1917 4525
5236 6032
2394 3980
4410 5077
4390 8843
6498 9788
2119 4733
6214 6950
711 6674
455 9506
1984 5750
8168 9170
595 4685
4461 5881
538 6712
2138 6620
7697 8037
833 7820
5750 8489
2250 9997
741 4842
9288 9660
1786 9044
6659 9006
6795 8270
478 4787
5607 8953
8369 8713
1484 4752
5225 7240
707 7558
2777 3959
818 1673
2575 3954
4444 9573
696 7999
2281 7399
804 6515
3689 5184
4302 9385
1526 8048
1051 2202
5235 6444
6651 6843
7542 7571
417 9211
6157 8811
8087 8972
4364 5107
4972 9661
3202 3618
2681 2713
3825 9795
5080 5903
6473 9003
6372 7173
2717 6330
6176 6695
1881 2909
2507 6850
4290 5159
3015 7976
5671 7231
8966 9700
1328 5211
3901 8338
8062 8767
2214 9865
869 3426
4839 5593
111 549
64 8651
2120 3161
5141 5385
8087 8516
4384 7911
2500 3354
98 6358
7712 7777
416 8078
607 4051
2583 9234
5710 8665
3730 5682
1538 5533
1739 6115
4450 4743
4103 5369
1466 8234
912 8461
9313 9922
4671 4942
3390 5541
3127 7876
8609 9764
50 8462
779 3531
4289 9732
1801 8373
4447 4995
3825 4741
5846 7677
836 5753
1356 6629
6009 7151
5534 8210
3855 7143
3964 6078
295 3356
3824 6080
8831 9303
1456 1871
6712 9671
4463 6923
738 7330
316 8643
292 4774
1712 3111
4875 8248
701 2301
4005 5521
6749 7327
2094 2280
516 2060
4812 9149
3829 7920
1923 5832
3201 3988
4578 8208
3786 8307
3158 4595
3027 3624
912 6049
3908 8263
2433 3679
6259 7895
4226 9401
2496 5252
5813 9728
709 904
1868 2076
1896 5688
7396 7939
333 9337
1915 9676
1888 5590
1071 1229
1709 5715
2546 9202
228 8649
4816 6240
6174 9519
382 9042
1237 9021
5224 8647
2320 3047
2717 5943
4575 9707
1189 4421
2903 4145
459 2758
2637 8576
541 1669
7737 9100
6157 8144
206 7357
1912 5936
241 2211
7705 7808
4408 7034
4030 9491
4828 9150
2524 3097
2462 9232
3454 6244
203 2695
5031 5405
175 5135
2141 6433
3757 5407
20 9765
2216 6608
3005 4535
5563 7577
8285 8458
4032 6113
6888 9818
4231 4839
4200 6541
4898 6195
6288 9921
7953 9439
1275 6353
2778 5782
3325 3595
3034 3738
3079 6062
2568 7336
428 3355
3853 6005
3700 9004
693 1585
306 8201
2739 2775
3450 4256
1109 4981
610 2700
3154 3739
4252 8999
5966 9712
4223 7742
7006 9452
5664 9695
1014 2928
1363 4480
649 2588
1419 4760
2538 9299
7894 8519
2574 5063
1408 6262
2050 5220
1177 4449
6584 7954
1953 8967
2229 9947
5323 6419
1091 7443
885 5313
1961 4187
860 5981
2304 7759
6685 7982
3100 7987
216 7238
8104 9518
962 4389
408 9079
4654 6908
660 890
3462 9704
3430 4262
957 8952
5678 7411
6256 8737
4013 5594
4744 9256
2150 5023
750 8613
562 7932
3408 6123
4836 9600
1211 5087
3512 8075
3324 8624
4585 7825
3769 4918
957 8119
821 4459
6656 8695
2883 3912
2058 5413
4134 9483
814 7342
281 5607
1534 4812
6530 9408
55 7773
2252 7187
9149 9430
3984 5570
8733 9484
2018 7488
1676 8874
2450 3747
767 9874
123 9374
1277 9818
564 9624
1780 3114
3122 8645
1889 6759
4398 4833
2655 6073
4212 4367
1116 2919
713 1296
2210 8186
8520 8880
935 4083
4744 7391
3277 4497
653 8495
6940 8850
2883 5994
6700 9932
5049 6157
2049 3912
1421 5280
3099 9365
1594 4347
221 4884
906 9890
2411 6884
1673 6023
5422 7267
4399 7729
3593 5972
519 7100
2455 3035
7289 9413
3958 9366
1756 4693
532 3737
1190 7167
1731 8906
11 5680
4119 7499
1045 9770
2195 6144
2123 2184
771 5675
4023 6932
5416 7524
640 3335
2446 7373
2143 4883
620 9372
896 7763
7519 8554
8975 9366
1394 4206
5487 8003
2702 5539
4929 5819
3839 7419
4366 6531
1306 8959
5469 6514
1432 3548
1141 6691
2530 4924
4340 8467
1450 5073
6799 9779
502 4902
2341 4809
1114 4405
6550 8061
2879 6202
3701 9130
2120 3684
8595 9292
4738 8078
2761 8699
3780 7027
6668 8847
753 6301
6370 7103
2003 5983
3906 9467
200 4136
5823 7508
934 7594
3303 8372
2244 7149
7383 8532
563 5013
5158 8472
2551 9783
772 8774
2379 9558
1347 7947
5376 6046
4229 6337
556 1131
966 9380
7555 9360
765 9844
5937 6845
6375 9231
431 7673
1772 3540
1284 8639
5839 9194
3038 6354
2561 7349
3777 8365
725 9193
3177 6399
2027 8817
3823 6987
3747 8933
4486 6020
1882 7075
1065 5219
6509 7195
2106 3033
1881 3420
5449 8108
3365 8250
4673 6890
3544 9024
3319 9338
7209 7533
1542 6539
722 9569
3134 9138
7720 8280
3817 8651
1290 9324
4452 5833
2239 4954
646 2851
2411 6775
1807 8932
4803 7156
438 5091
2372 9849
4299 7496
446 4674
945 2554
5351 5781
2549 4782
8929 9053
4385 6018
7919 8900
997 5518
1642 3824
6471 7373
4190 5295
7 2871
6181 8045
1795 5255
3016 3843
376 8798
1618 7134
3090 8995
1671 4689
2639 6906
686 2293
1114 3018
3462 4874
4788 7631
1111 9022
190 8149
5227 6869
38 8214
8653 9095
6398 7428
500 2652
7359 7519
7010 7472
414 9638
2846 6869
250 3382
1718 7954
4310 8678
3210 6045
141 2141
2743 9383
4501 5914
5070 6106
744 6989
2290 9674
8517 8556
595 7127
5022 5118
1316 7928
9280 9730
1278 4269
3291 7950
3345 3820
7050 9790
878 7748
1903 5522
1362 4828
1379 1967
6574 9009
1397 7231
5116 8430
6999 8640
3764 8097
6498 7733
895 9747
141 9065
5829 7603
4861 7746
1849 7853
1389 5999
554 1952
2690 7778
1685 3586
1626 5629
4517 6770
2693 8390
5087 9013
3204 3608
1922 7714
7525 9354
6161 8995
8673 9120
2003 4211
5950 8168
3071 8010
4112 6800
3599 9802
1953 7803
5502 7345
719 1228
1126 4386
2776 4149
5193 8926
4143 6736
4364 9823
3072 7787
7954 9219
6167 9695
3267 4439
2110 9077
5702 9125
398 5502
3844 5113
829 1500
915 1127
542 5792
4120 6770
1847 4647
7370 8566
2230 7629
3135 9135
743 6442
8460 9105
981 5598
8378 8905
3853 8918
5603 7842
2440 4727
3097 3707
6720 7863
1533 9103
6261 7911
2715 8962
5441 6360
5797 6376
2945 9914
316 8531
738 2012
6817 9075
4514 5183
4338 6089
1333 9856
304 7488
4507 5628
1563 5912
1972 6351
2176 8696
6068 9251
8971 9746
1963 3050
1994 4005
4329 9714
1579 4282
199 1692
3254 9826
8550 9166
995 1194
4217 9281
1790 7885
5533 7389
5694 8017
6060 7450
5358 9360
6345 6946
3759 5634
5107 6046
3454 4583
6830 9884
7950 9643
8176 8529
4339 7407
5448 7095
4119 9656
5116 9541
9117 9913
1592 3063
587 9692
5696 7552
2718 3998
5411 5623
1429 2500
2637 6275
5257 8459
2027 4800
2742 7470
278 5747
2503 6551
908 7607
1269 3493
2929 3392
4089 6118
1534 5457
609 5459
1968 2899
6803 7801
2475 2807
4456 6609
6067 7642
4902 9691
183 3077
6781 8120
6692 9958
752 5389
3649 8658
1683 8528
3301 3782
325 706
3278 8935
5148 9068
6292 8339
2842 9338
1091 2937
6432 9467
1461 8612
2326 7036
3272 9473
505 7091
6222 7303
2705 5006
6165 9690
3011 6862
418 5377
3957 7662
1813 8963
53 4194
2519 4043
714 3933
2504 8671
384 5600
478 7892
5584 5619
790 3819
3139 6730
3090 9310
2287 6413
3231 8875
3084 3882
1615 2589
1293 3513
1083 1862
771 9336
4840 7793
6297 7268
697 6552
4362 5047
4741 7312
5592 7004
322 6448
1218 8288
1942 2927
4760 8984
4844 5461
444 3294
2642 7205
316 4301
2508 9756
7587 8102
2248 8802
6561 8390
6801 9961
3428 6387
5370 7378
1108 4009
2461 7353
6388 6979
652 2959
4529 6351
4522 5123
124 3739
3239 5090
4773 9929
129 4622
1639 4097
6039 8815
806 2630
5843 6746
4665 5435
5483 8148
2777 9981
5766 5902
4905 8991
2534 5337
213 456
2402 5496
1691 9304
5253 7580
9365 9635
4015 4566
9230 9506
21 303
88 9465
5589 8861
7390 9051
3246 7587
1581 9061
1128 9039
3218 9949
1388 3942
3589 8556
1034 8699
6460 9922
3856 6540
1143 6532
4134 5806
8036 9928
3491 4505
4091 8754
1937 9003
3358 7418
1718 7983
934 7829
5751 6240
478 6752
2081 6168
4935 5044
2233 8880
8310 8698
8480 9160
9221 9449
3016 8898
327 1644
2524 5584
7647 7901
1679 5605
5486 7677
2443 8660
200 4220
1098 5881
2843 8170
5410 7375
6395 8605
1634 4417
3198 5084
4845 6742
2932 7540
4086 4723
3903 4414
2064 3763
4780 6195
4667 7028
6102 7049
7446 7523
2371 8690
7489 8688
7329 9555
5677 6405
3365 8853
1119 5880
636 2179
4701 9822
1166 5883
6768 7928
643 7945
2301 3958
592 4710
5572 8011
820 3585
5524 7475
3705 6035
3177 9642
121 4557
6035 8180
1058 6785
4585 9565
4168 7016
4672 8159
8833 9143
1556 6933
4601 6421
2170 8391
2972 7990
4387 9732
3397 9437
2737 4526
3689 6608
7849 8568
1175 5061
5313 8651
2047 8359
6513 9943
577 4885
4164 7689
8047 8889
1714 4824
4802 6845
3158 4989
3472 5478
1094 1679
2599 4880
3004 5613
1946 8318
491 1553
2063 9601
1716 5894
7701 9485
984 7049
4590 8875
1643 8087
86 5606
7615 8374
2031 8418
1561 3568
2900 5564
2482 6163
3089 9417
6860 7081
7061 8587
8838 9771
1927 5963
2895 4234
4149 9335
5677 9880
203 3524
1018 3462
1572 6446
2561 8539
1522 8527
463 9988
5662 6882
262 8643
3740 9451
2457 3054
217 6149
751 8013
2945 7250
4701 8809
9393 9558
4919 4973
2286 4344
1556 7325
140 7952
1245 8262
5965 9196
223 4469
2469 4947
8204 9375
7463 9642
4635 9395
1221 1591
4342 6556
9391 9629
1085 7249
5864 7764
1123 2948
914 3441
4842 5333
804 4877
2786 3923
4719 8083
4024 7784
2335 9777
5425 8236
2332 4732
6286 6571
3830 6491
159 4919
2581 8949
1562 6499
523 1796
3202 8068
945 2106
1527 8994
8213 9545
1464 6671
1327 9031
6348 8364
2552 4883
1478 4422
1948 7730
543 4744
4378 9956
1381 2123
2158 6994
4351 8615
1077 2668
3207 9156
1592 6568
2294 7786
2761 8552
2527 8597
4012 8310
1334 1742
6121 9272
4383 5139
2458 6937
1924 7399
1342 5095
7240 7405
1211 5023
3453 5523
6337 9889
84 514
4249 8983
3626 7634
2226 9714
1742 2831
2502 4068
4050 4292
1681 7612
25 1952
5823 7903
5031 9999
3489 9160
2649 7689
5392 7243
7904 9337
528 6596
7676 8493
3812 5419
7997 8207
3819 7118
2320 9047
3261 4994
6028 6951
1253 3756
398 4015
1930 8242
1721 6329
3080 5135
2616 5887
7192 8058
3691 9000
2284 7459
2081 5401
4127 6890
1722 5972
85 978
1000 2563
2423 4848
2908 8557
4305 8221
556 3160
8436 9712
8201 9699
3155 9256
3747 7421
3589 5801
3604 9184
3628 6883
2923 6254
5411 7042
3264 5568
6099 6280
5591 9305
