100
31 14
70 48
67 68
77 58
51 78
34 15
65 27
27 91
43 49
19 98
36 64
99 78
88 97
45 20
86 87
38 15
58 22
82 47
1 64
31 9
50 79
44 61
46 20
39 71
47 1
34 75
99 72
98 84
4 65
36 77
7 64
84 91
89 91
41 10
90 79
87 59
71 100
57 38
92 7
42 47
45 49
51 69
74 50
6 82
76 55
24 42
91 97
25 4
0 84
88 69
88 88
10 3
58 78
84 54
71 40
25 11
26 46
40 58
75 85
56 54
53 11
75 29
3 76
32 86
33 86
58 94
52 7
53 22
4 75
65 79
46 51
26 19
31 3
73 57
76 54
77 2
48 33
27 79
64 86
37 48
48 65
100 71
19 7
62 86
66 15
47 25
80 24
42 48
8 18
31 49
25 57
13 29
8 17
85 32
50 62
98 46
40 33
35 90
45 43
20 33
