100
287 189
1014 937
369 227
495 797
252 125
41 737
113 961
900 518
493 464
962 279
285 736
252 868
541 890
10 886
447 613
381 906
488 263
1009 776
430 16
805 202
863 370
549 918
593 970
129 135
528 256
83 226
321 338
680 644
1024 87
296 552
270 741
904 188
834 927
650 353
517 983
579 807
464 510
643 727
29 252
555 410
45 685
676 1002
967 328
387 405
146 573
605 545
428 155
776 592
767 69
879 573
49 215
880 4
659 320
270 585
205 122
66 607
412 46
565 967
515 820
356 645
692 380
537 41
582 892
679 277
161 410
912 59
700 928
167 163
697 375
1014 259
578 145
598 69
721 732
582 10
231 268
860 778
774 884
760 863
535 1022
58 286
627 220
162 931
803 755
195 156
483 93
542 656
268 72
456 104
791 600
47 697
462 799
553 209
56 105
729 264
551 115
37 102
45 118
223 837
634 109
518 193
