100
585 709
565 774
881 562
930 551
586 899
586 694
718 592
623 174
525 314
480 29
536 205
433 123
462 118
87 353
158 277
238 157
196 66
177 47
194 22
504 562
640 647
731 808
925 640
939 620
970 658
298 594
428 944
390 974
333 822
3 283
331 775
237 1010
36 932
98 873
18 892
17 965
239 779
227 981
128 897
40 739
385 979
737 695
893 499
985 546
200 546
230 837
294 921
410 544
850 302
658 467
988 572
496 38
358 83
372 52
425 20
469 19
537 327
310 1008
287 917
814 543
1019 628
1020 633
822 785
450 335
462 643
342 745
630 700
684 904
387 733
255 478
3 93
88 49
98 24
536 156
288 492
384 822
96 612
71 640
166 723
72 626
40 585
9 570
93 890
120 998
25 948
410 123
306 87
106 223
52 119
23 69
22 34
176 320
448 112
543 69
651 198
727 269
713 192
833 682
791 587
821 152
