100
76 107
11 197
442 703
312 883
299 901
286 919
260 955
247 973
221 1009
256 803
243 821
217 857
191 893
178 911
152 947
139 965
113 1001
100 1019
409 985
396 1003
383 1021
772 955
733 1009
27 805
14 823
1 841
12 747
542 407
113 1001
100 1019
682 607
552 787
526 823
448 931
396 1003
383 1021
984 819
919 909
841 1017
909 529
831 637
675 853
662 871
558 1015
76 107
50 143
37 161
24 179
11 197
434 399
317 561
174 759
135 813
18 975
5 993
623 925
571 997
558 1015
24 179
11 197
981 193
903 301
682 607
591 733
461 913
396 1003
383 1021
856 51
388 699
219 933
154 1023
111 925
98 943
72 979
46 1015
807 749
690 911
677 929
651 965
638 983
625 1001
612 1019
922 511
727 781
649 889
571 997
558 1015
873 185
548 635
418 815
366 887
301 977
288 995
275 1013
245 897
232 915
180 987
154 1023
712 723
504 1011
