100
258 32
33 119
786 688
411 833
36 978
264 726
114 784
39 813
118 564
43 593
814 172
64 462
844 570
319 773
19 889
833 151
383 325
158 412
83 441
8 470
954 664
429 867
129 983
54 1012
32 174
870 164
45 483
396 634
321 663
113 807
87 825
61 843
22 870
9 879
957 459
905 495
216 972
177 999
164 1008
151 1017
65 919
26 946
13 955
0 964
820 160
170 610
27 709
1 727
856 844
674 970
648 988
622 1006
596 0
271 225
180 288
50 378
37 387
24 396
11 405
365 475
261 547
1 727
18 794
5 803
90 114
38 150
25 159
12 168
197 355
132 400
28 472
15 481
2 490
32 548
6 566
393 1007
380 1016
520 604
273 775
39 937
26 946
13 955
0 964
991 593
978 602
588 872
562 890
484 944
419 989
393 1007
380 1016
779 661
545 823
428 904
350 958
285 1003
259 1021
900 656
393 1007
380 1016
