100
911 731
635 435
359 139
290 65
148 165
79 91
10 17
851 355
782 281
575 59
432 989
87 619
18 545
383 699
245 551
38 329
11 382
769 980
285 944
258 997
884 375
560 1011
655 66
169 1020
205 608
70 873
16 979
181 200
115 4
395 308
393 306
184 97
167 80
139 52
124 37
114 27
100 13
91 4
87 0
806 719
524 437
467 380
458 371
159 72
112 25
108 21
99 12
91 4
88 1
87 0
78 1015
67 1004
32 969
8 945
5 942
69 919
709 689
837 643
965 597
69 1015
138 440
159 265
180 90
186 40
189 15
872 126
884 26
887 1
694 244
966 308
983 312
1017 320
699 968
886 1012
937 0
988 12
1005 16
1022 20
873 768
907 776
975 792
350 217
150 33
125 10
429 986
379 940
254 825
79 664
4 595
857 110
757 18
480 951
514 995
531 1017
847 161
915 249
1017 381
277 869
396 1023
840 935
