100
614 724
204 814
40 850
236 782
113 809
72 818
31 827
465 457
219 511
137 529
14 556
480 154
193 217
70 244
29 253
999 115
630 196
507 223
56 322
15 331
337 585
214 612
50 648
9 657
583 531
460 558
50 648
9 657
139 79
98 88
16 106
242 456
374 584
473 680
572 776
671 872
737 936
803 1000
272 392
800 904
899 1000
893 808
992 904
261 40
690 456
855 616
759 649
599 704
55 891
23 902
151 186
454 36
619 370
720 320
1023 170
526 852
627 802
930 652
710 548
811 498
1013 398
304 384
506 284
1011 34
878 404
979 354
56 304
359 154
460 104
561 54
662 4
337 246
640 96
741 46
142 596
950 196
836 952
937 902
372 472
574 372
877 222
978 172
356 632
166 478
71 401
415 281
225 127
130 50
832 716
262 254
167 177
593 177
981 177
1003 177
1014 177
1020 177
1023 177
0 177
987 177
990 177
