100
127 725
102 741
52 773
2 805
584 965
509 1013
646 229
521 309
221 501
96 581
71 597
46 613
21 629
364 901
314 933
363 996
370 1005
377 1014
384 1023
544 351
663 504
761 630
665 776
845 861
989 929
733 865
949 967
1021 1001
293 259
977 582
1013 599
1005 197
421 357
374 122
354 22
353 17
350 2
570 78
557 13
555 3
604 248
585 153
584 148
572 88
562 38
558 18
555 3
852 464
834 374
769 49
764 24
761 9
760 4
41 505
29 445
14 370
10 350
3 315
0 300
455 527
369 97
367 87
353 17
351 7
350 2
629 373
613 293
588 168
576 108
572 88
561 33
557 13
556 8
555 3
221 381
182 186
173 141
169 121
167 111
145 1
705 753
637 413
634 398
605 253
600 228
577 113
567 81
542 1
806 641
636 97
631 81
606 1
88 801
23 593
13 561
3 529
111 465
91 401
46 257
31 209
