100
523 70
545 29
285 467
505 57
527 16
747 630
1011 138
723 954
855 708
1009 421
995 866
1017 825
669 915
823 628
911 464
933 423
955 382
1021 259
185 281
295 76
317 35
773 535
883 330
905 289
927 248
993 125
1015 84
879 384
901 343
1006 413
908 343
859 308
593 118
523 68
495 48
460 23
446 13
260 447
143 720
98 825
95 832
32 979
23 1000
20 1007
14 1021
847 784
793 910
787 924
745 1022
897 326
630 949
612 991
603 1012
600 1019
214 213
139 388
58 577
22 661
4 703
1 710
673 166
358 901
346 929
970 292
1018 243
154 933
394 688
970 100
1018 51
346 97
394 48
474 585
906 144
954 95
1002 46
666 581
714 532
954 287
1002 238
458 260
554 162
650 14
178 827
670 786
922 765
982 760
994 759
1006 758
1018 757
322 815
394 809
303 921
264 969
251 985
238 1001
225 1017
596 9
167 537
63 665
308 415
