100
930 353
414 527
104 772
42 821
362 469
114 665
52 714
32 725
12 736
660 226
520 303
480 325
20 578
0 589
196 942
155 409
133 123
132 110
126 32
125 19
124 6
613 219
600 50
598 24
497 9
423 363
19 303
890 260
284 170
183 155
82 140
212 210
111 195
10 180
16 262
452 418
444 427
356 526
116 796
36 886
12 913
4 922
420 454
138 802
44 918
682 610
588 726
447 900
353 1016
819 332
678 506
496 499
314 492
184 487
28 481
2 480
150 210
124 209
98 208
20 205
8 188
276 909
252 875
0 518
456 140
594 255
654 305
834 455
858 475
942 545
1002 595
1014 605
1020 610
478 841
610 951
628 966
634 971
664 996
688 1016
694 1021
626 111
644 126
698 171
920 356
1016 264
136 254
352 47
400 1
656 225
824 64
848 41
872 18
575 918
542 1018
248 978
364 130
199 630
100 930
54 798
31 732
