100
897 513
285 1017
8 703
445 825
275 965
258 979
224 1007
207 1021
36 439
2 467
555 862
688 957
765 1012
779 1022
365 580
638 775
757 860
841 920
932 985
933 1019
183 309
108 238
33 167
721 791
695 893
669 995
535 733
483 937
470 988
686 934
954 867
682 714
622 1005
1006 525
926 913
906 1010
210 136
30 1009
17 1003
4 997
776 93
702 13
280 221
169 101
132 61
37 46
18 43
688 41
770 12
426 808
918 634
696 58
670 378
559 90
241 538
130 250
56 58
565 410
491 218
417 26
766 378
729 282
692 186
655 90
355 474
244 186
207 90
4 698
891 730
632 58
718 890
764 963
264 125
540 563
770 928
816 1001
738 432
830 578
922 724
968 797
1014 870
1002 940
312 357
680 941
726 1014
416 433
61 748
494 883
423 946
352 1009
918 651
776 777
634 903
358 885
36 864
542 385
450 379
128 358
82 355
36 352
