100
310 548
685 573
940 590
1000 594
1015 595
1019 577
1021 568
1023 559
459 25
463 7
493 896
899 378
986 267
1015 230
0 222
81 150
90 142
108 126
225 22
437 150
1020 502
695 982
748 1014
986 694
204 1014
303 726
621 918
727 982
780 1014
803 854
1015 982
361 278
944 630
997 662
537 790
689 744
841 698
783 880
754 971
843 268
618 322
493 352
118 442
68 454
18 466
4 838
786 978
761 984
752 855
710 253
704 164
698 75
634 491
616 224
604 46
19 553
4 566
729 279
459 513
129 799
27 858
3 902
31 424
0 405
179 812
38 765
26 761
23 760
20 759
2 753
567 600
300 511
222 485
60 431
54 429
15 416
12 415
6 413
3 412
0 411
56 771
23 760
2 753
732 655
321 518
123 452
51 428
39 424
36 423
27 420
9 414
0 411
340 183
148 119
52 87
4 71
1 70
872 19
209 188
107 214
