100
275 1017
850 5
889 305
989 129
1014 85
671 361
730 315
907 177
459 415
107 602
11 653
523 765
395 833
151 425
90 323
29 221
117 236
295 56
329 13
875 738
909 695
1011 566
497 433
633 261
701 175
674 140
593 35
648 25
714 13
769 3
780 1
547 695
690 669
800 649
952 757
990 784
686 56
952 245
816 501
646 821
612 885
578 949
544 1013
623 21
555 149
334 565
249 725
411 890
519 1000
423 504
477 559
237 174
189 97
141 20
285 955
141 724
93 647
45 570
749 206
653 52
1005 830
573 137
662 238
751 339
723 398
555 752
443 988
927 407
759 761
703 879
647 997
387 594
233 678
200 696
178 708
134 732
57 774
13 798
1 918
451 336
676 45
728 79
858 164
962 232
1014 266
936 727
1014 778
814 1022
244 591
94 774
44 835
182 298
32 481
4 333
527 318
506 207
478 59
471 22
856 9
262 819
