100
732 398
744 42
726 339
720 438
823 335
973 185
1009 149
1011 147
1020 98
939 539
948 490
1020 98
346 468
373 321
382 272
391 223
427 27
645 433
717 41
572 34
757 961
856 422
874 324
791 407
730 468
385 813
347 851
350 578
356 32
711 495
713 313
447 408
433 100
432 78
429 12
859 256
853 124
851 80
850 58
391 517
66 842
158 994
414 482
437 520
667 900
583 818
415 654
289 531
163 408
79 326
49 259
19 192
204 2
228 946
136 991
139 1003
142 1015
143 1019
144 1023
160 63
283 555
357 851
373 915
337 985
319 1020
647 496
550 466
65 316
235 168
138 138
41 108
719 96
622 66
525 36
428 6
498 124
568 242
668 137
708 95
728 74
748 53
768 32
788 11
380 593
480 488
940 5
997 24
1012 14
844 710
619 920
529 1004
514 1018
299 536
559 932
562 966
268 813
72 711
544 267
646 258
714 252
