100
109 973
126 880
160 694
177 601
262 136
279 43
522 340
556 154
148 422
250 299
284 258
488 12
312 676
720 184
822 61
856 20
339 504
99 92
183 185
323 179
284 168
89 113
26 311
19 333
12 355
5 377
5 180
15 92
25 4
726 184
494 39
462 19
446 9
490 56
459 3
278 156
247 103
216 50
777 877
302 377
93 157
55 117
36 97
16 89
6 85
310 788
406 1010
390 653
470 838
518 949
534 986
550 1023
40 777
9 778
97 906
130 954
174 1018
918 890
940 922
995 1002
1006 1018
663 426
625 260
606 177
568 11
176 131
157 48
873 1020
721 356
704 335
449 20
112 447
19 342
429 904
744 539
828 503
940 455
589 377
454 347
166 283
103 269
131 271
719 313
831 321
999 333
1013 334
269 354
190 328
32 276
10 256
20 252
485 66
560 36
580 28
1021 811
1000 885
979 959
883 127
652 941
631 1015
