100
904 570
1006 669
338 623
712 986
746 1019
84 256
798 949
213 514
197 242
785 522
897 592
1016 966
1023 988
960 931
204 247
611 918
648 979
812 87
739 16
915 102
1003 145
771 986
826 995
640 989
423 982
51 970
20 969
288 317
195 314
102 311
27 290
2 283
404 969
692 888
884 834
980 807
1012 800
780 596
996 768
888 936
852 992
482 502
297 257
260 208
294 871
375 798
501 6
35 302
70 82
93 35
34 39
787 283
759 319
812 409
958 513
308 1003
793 1003
436 478
508 407
796 123
523 175
460 187
562 129
334 204
30 304
578 757
274 857
122 907
7 752
175 88
685 972
715 0
1000 494
593 272
673 396
412 720
394 874
385 951
369 1008
702 243
739 158
776 73
804 43
818 28
832 13
496 867
511 902
541 972
556 1007
366 849
271 770
176 691
81 612
194 997
231 921
638 85
675 9
783 313
857 161
894 85
