100
610 188
449 244
81 372
58 380
12 396
196 44
219 0
978 414
1006 410
966 222
561 332
408 248
888 598
1002 452
486 520
348 823
302 924
247 984
251 1002
413 765
157 869
93 895
61 908
29 921
17 944
43 978
69 1012
182 57
111 1
140 745
212 772
444 859
582 874
720 889
812 899
904 909
950 914
902 974
873 0
525 600
438 750
321 698
185 528
25 726
393 821
233 1019
137 293
57 392
393 245
201 103
105 32
121 680
127 923
129 1004
597 608
877 483
669 131
667 47
861 167
942 124
1023 81
723 461
506 430
6 250
396 240
183 246
41 250
357 818
449 1018
851 22
781 712
781 797
781 823
781 884
832 974
616 680
364 337
256 190
220 141
148 43
132 135
60 37
47 27
21 7
276 597
81 447
3 387
190 112
258 12
383 551
553 435
723 319
808 261
1018 267
610 83
113 762
42 859
16 963
10 987
8 995
