100
887 735
998 540
1019 447
812 69
909 76
1006 83
945 156
701 448
769 413
828 459
638 214
440 18
936 178
891 213
27 885
110 974
119 1013
322 186
406 550
263 732
173 787
62 528
23 762
103 927
46 952
321 5
165 83
21 155
86 63
368 721
366 701
355 591
61 605
3 637
487 829
871 933
915 1012
11 762
143 999
227 56
667 846
711 925
715 955
717 970
600 1018
424 250
229 330
112 378
612 1003
1019 707
803 500
907 560
902 290
1020 220
174 697
80 750
220 868
290 927
360 986
860 164
897 150
800 138
315 78
663 86
563 25
278 440
221 523
89 847
395 493
63 629
28 622
8 618
50 772
20 781
0 787
442 488
94 386
36 369
550 1014
442 602
334 190
307 87
249 110
17 202
501 116
327 185
271 153
264 149
210 110
229 51
40 584
0 522
204 787
314 147
339 117
336 132
684 150
974 165
993 171
1012 177
