100
834 631
891 710
948 789
1016 822
700 994
189 854
59 742
19 568
323 516
56 759
736 247
437 17
424 7
808 63
288 727
93 976
863 938
798 1021
920 979
981 958
937 1006
926 1018
451 603
386 938
373 1005
171 879
161 959
116 987
71 1015
11 977
1015 623
1023 616
207 293
497 322
697 342
317 158
623 164
827 168
804 145
202 383
220 17
870 507
902 851
557 437
207 17
56 17
36 36
607 607
469 991
529 868
629 663
553 857
490 941
436 1013
586 543
748 840
828 906
948 1005
924 678
696 651
772 887
667 831
67 511
732 682
827 182
371 910
591 228
283 580
788 595
388 760
227 53
246 15
251 5
149 77
52 124
7 74
561 462
408 292
191 551
823 946
935 1016
943 1021
1015 942
907 968
799 994
796 1011
589 620
562 569
634 131
1019 109
959 364
710 187
804 351
796 807
172 508
427 213
580 36
550 133
853 340
787 150
