90
0 0
1 1
1024 1024
0 0
1 1
1023 1023
0 0
1 1
1022 1022
0 0
1 1
1021 1021
0 0
1 1
1020 1020
0 0
1 1
1019 1019
0 0
1 1
1018 1018
0 0
1 1
1017 1017
0 0
1 1
1016 1016
0 0
1 1
1015 1015
0 0
1 1
1014 1014
0 0
1 1
1013 1013
0 0
1 1
1012 1012
0 0
1 1
1011 1011
0 0
1 1
1010 1010
0 0
1 1
1009 1009
0 0
1 1
1008 1008
0 0
1 1
1007 1007
0 0
1 1
1006 1006
0 0
1 1
1005 1005
0 0
1 1
1004 1004
0 0
1 1
1003 1003
0 0
1 1
1002 1002
0 0
1 1
1001 1001
0 0
1 1
1000 1000
0 0
1 1
999 999
0 0
1 1
998 998
0 0
1 1
997 997
0 0
1 1
996 996
0 0
1 1
995 995
