90
0 0
1023 1023
1024 1024
0 0
1022 1022
1023 1023
0 0
1021 1021
1022 1022
0 0
1020 1020
1021 1021
0 0
1019 1019
1020 1020
0 0
1018 1018
1019 1019
0 0
1017 1017
1018 1018
0 0
1016 1016
1017 1017
0 0
1015 1015
1016 1016
0 0
1014 1014
1015 1015
0 0
1013 1013
1014 1014
0 0
1012 1012
1013 1013
0 0
1011 1011
1012 1012
0 0
1010 1010
1011 1011
0 0
1009 1009
1010 1010
0 0
1008 1008
1009 1009
0 0
1007 1007
1008 1008
0 0
1006 1006
1007 1007
0 0
1005 1005
1006 1006
0 0
1004 1004
1005 1005
0 0
1003 1003
1004 1004
0 0
1002 1002
1003 1003
0 0
1001 1001
1002 1002
0 0
1000 1000
1001 1001
0 0
999 999
1000 1000
0 0
998 998
999 999
0 0
997 997
998 998
0 0
996 996
997 997
0 0
995 995
996 996
0 0
994 994
995 995
