90
0 0
916 916
984 984
0 0
545 545
702 702
0 0
679 679
785 785
0 0
394 394
515 515
0 0
869 869
947 947
0 0
751 751
860 860
0 0
850 850
1024 1024
0 0
1022 1022
1024 1024
0 0
252 252
936 936
0 0
117 117
216 216
0 0
414 414
626 626
0 0
775 775
983 983
0 0
969 969
996 996
0 0
436 436
783 783
0 0
790 790
807 807
0 0
354 354
945 945
0 0
884 884
939 939
0 0
642 642
725 725
0 0
387 387
750 750
0 0
874 874
984 984
0 0
989 989
990 990
0 0
216 216
643 643
0 0
718 718
1019 1019
0 0
281 281
886 886
0 0
450 450
723 723
0 0
99 99
606 606
0 0
337 337
536 536
0 0
426 426
434 434
0 0
661 661
791 791
0 0
524 524
899 899
