90
0 0
824 824
962 962
0 0
822 822
831 831
0 0
745 745
823 823
0 0
747 747
864 864
0 0
430 430
435 435
0 0
356 356
983 983
0 0
585 585
837 837
0 0
608 608
976 976
0 0
909 909
1003 1003
0 0
570 570
918 918
0 0
315 315
466 466
0 0
982 982
984 984
0 0
546 546
1016 1016
0 0
346 346
830 830
0 0
33 33
838 838
0 0
11 11
614 614
0 0
229 229
462 462
0 0
570 570
792 792
0 0
526 526
695 695
0 0
289 289
753 753
0 0
625 625
968 968
0 0
746 746
962 962
0 0
141 141
166 166
0 0
1001 1001
1004 1004
0 0
780 780
875 875
0 0
232 232
689 689
0 0
724 724
818 818
0 0
268 268
733 733
0 0
743 743
980 980
0 0
397 397
947 947
