90
0 0
830 830
859 859
0 0
834 834
957 957
0 0
42 42
881 881
0 0
365 365
957 957
0 0
498 498
872 872
0 0
126 126
445 445
0 0
997 997
1022 1022
0 0
184 184
684 684
0 0
754 754
966 966
0 0
172 172
191 191
0 0
613 613
681 681
0 0
375 375
880 880
0 0
387 387
939 939
0 0
290 290
511 511
0 0
654 654
1009 1009
0 0
103 103
342 342
0 0
782 782
873 873
0 0
890 890
1001 1001
0 0
341 341
536 536
0 0
415 415
701 701
0 0
189 189
365 365
0 0
869 869
931 931
0 0
595 595
1019 1019
0 0
956 956
1022 1022
0 0
543 543
696 696
0 0
769 769
892 892
0 0
59 59
148 148
0 0
686 686
894 894
0 0
282 282
707 707
0 0
123 123
584 584
