90
0 0
787 787
1004 1004
0 0
537 537
668 668
0 0
312 312
647 647
0 0
294 294
931 931
0 0
344 344
689 689
0 0
646 646
723 723
0 0
289 289
1009 1009
0 0
760 760
905 905
0 0
227 227
277 277
0 0
618 618
892 892
0 0
915 915
947 947
0 0
855 855
1003 1003
0 0
392 392
672 672
0 0
293 293
414 414
0 0
440 440
448 448
0 0
961 961
991 991
0 0
153 153
493 493
0 0
593 593
669 669
0 0
634 634
870 870
0 0
263 263
508 508
0 0
896 896
911 911
0 0
955 955
967 967
0 0
159 159
941 941
0 0
716 716
825 825
0 0
43 43
323 323
0 0
718 718
832 832
0 0
63 63
67 67
0 0
163 163
623 623
0 0
699 699
981 981
0 0
888 888
970 970
