90
0 0
969 969
1005 1005
0 0
240 240
479 479
0 0
165 165
371 371
0 0
601 601
862 862
0 0
184 184
719 719
0 0
900 900
994 994
0 0
523 523
535 535
0 0
128 128
342 342
0 0
217 217
776 776
0 0
662 662
683 683
0 0
62 62
306 306
0 0
757 757
1004 1004
0 0
620 620
953 953
0 0
29 29
135 135
0 0
548 548
816 816
0 0
337 337
832 832
0 0
548 548
710 710
0 0
735 735
905 905
0 0
564 564
632 632
0 0
611 611
956 956
0 0
402 402
501 501
0 0
92 92
988 988
0 0
401 401
891 891
0 0
816 816
916 916
0 0
933 933
999 999
0 0
752 752
836 836
0 0
607 607
895 895
0 0
645 645
949 949
0 0
35 35
767 767
0 0
701 701
945 945
