100
492 506
493 506
494 506
495 506
496 506
497 506
498 506
499 506
500 506
501 506
502 506
503 506
504 506
505 506
506 506
507 506
508 506
509 506
510 506
511 506
512 506
513 506
514 506
515 506
516 506
517 506
518 506
519 506
520 506
521 506
522 506
523 506
524 506
525 506
526 506
527 506
528 506
529 506
530 506
531 506
532 506
533 506
534 506
535 506
536 506
537 506
538 506
539 506
540 506
541 506
542 506
543 506
544 506
545 506
546 506
547 506
548 506
549 506
550 506
551 506
552 506
553 506
554 506
555 506
556 506
557 506
558 506
559 506
560 506
561 506
562 506
563 506
564 506
565 506
566 506
567 506
568 506
569 506
570 506
571 506
572 506
573 506
574 506
575 506
576 506
577 506
578 506
579 506
580 506
581 506
582 506
583 506
584 506
585 506
586 506
587 506
588 506
589 506
590 506
591 506
