100
507 503
507 504
507 505
507 506
507 507
507 508
507 509
507 510
507 511
507 512
507 513
507 514
507 515
507 516
507 517
507 518
507 519
507 520
507 521
507 522
507 523
507 524
507 525
507 526
507 527
507 528
507 529
507 530
507 531
507 532
507 533
507 534
507 535
507 536
507 537
507 538
507 539
507 540
507 541
507 542
507 543
507 544
507 545
507 546
507 547
507 548
507 549
507 550
507 551
507 552
507 553
507 554
507 555
507 556
507 557
507 558
507 559
507 560
507 561
507 562
507 563
507 564
507 565
507 566
507 567
507 568
507 569
507 570
507 571
507 572
507 573
507 574
507 575
507 576
507 577
507 578
507 579
507 580
507 581
507 582
507 583
507 584
507 585
507 586
507 587
507 588
507 589
507 590
507 591
507 592
507 593
507 594
507 595
507 596
507 597
507 598
507 599
507 600
507 601
507 602
