100
503 507
502 507
501 507
500 507
499 507
498 507
497 507
496 507
495 507
494 507
493 507
492 507
491 507
490 507
489 507
488 507
487 507
486 507
485 507
484 507
483 507
482 507
481 507
480 507
479 507
478 507
477 507
476 507
475 507
474 507
473 507
472 507
471 507
470 507
469 507
468 507
467 507
466 507
465 507
464 507
463 507
462 507
461 507
460 507
459 507
458 507
457 507
456 507
455 507
454 507
453 507
452 507
451 507
450 507
449 507
448 507
447 507
446 507
445 507
444 507
443 507
442 507
441 507
440 507
439 507
438 507
437 507
436 507
435 507
434 507
433 507
432 507
431 507
430 507
429 507
428 507
427 507
426 507
425 507
424 507
423 507
422 507
421 507
420 507
419 507
418 507
417 507
416 507
415 507
414 507
413 507
412 507
411 507
410 507
409 507
408 507
407 507
406 507
405 507
404 507
