100
491 496
491 495
491 494
491 493
491 492
491 491
491 490
491 489
491 488
491 487
491 486
491 485
491 484
491 483
491 482
491 481
491 480
491 479
491 478
491 477
491 476
491 475
491 474
491 473
491 472
491 471
491 470
491 469
491 468
491 467
491 466
491 465
491 464
491 463
491 462
491 461
491 460
491 459
491 458
491 457
491 456
491 455
491 454
491 453
491 452
491 451
491 450
491 449
491 448
491 447
491 446
491 445
491 444
491 443
491 442
491 441
491 440
491 439
491 438
491 437
491 436
491 435
491 434
491 433
491 432
491 431
491 430
491 429
491 428
491 427
491 426
491 425
491 424
491 423
491 422
491 421
491 420
491 419
491 418
491 417
491 416
491 415
491 414
491 413
491 412
491 411
491 410
491 409
491 408
491 407
491 406
491 405
491 404
491 403
491 402
491 401
491 400
491 399
491 398
491 397
