100
496 506
497 507
498 508
499 509
500 510
501 511
502 512
503 513
504 514
505 515
506 516
507 517
508 518
509 519
510 520
511 521
512 522
513 523
514 524
515 525
516 526
517 527
518 528
519 529
520 530
521 531
522 532
523 533
524 534
525 535
526 536
527 537
528 538
529 539
530 540
531 541
532 542
533 543
534 544
535 545
536 546
537 547
538 548
539 549
540 550
541 551
542 552
543 553
544 554
545 555
546 556
547 557
548 558
549 559
550 560
551 561
552 562
553 563
554 564
555 565
556 566
557 567
558 568
559 569
560 570
561 571
562 572
563 573
564 574
565 575
566 576
567 577
568 578
569 579
570 580
571 581
572 582
573 583
574 584
575 585
576 586
577 587
578 588
579 589
580 590
581 591
582 592
583 593
584 594
585 595
586 596
587 597
588 598
589 599
590 600
591 601
592 602
593 603
594 604
595 605
