100
491 492
490 491
489 490
488 489
487 488
486 487
485 486
484 485
483 484
482 483
481 482
480 481
479 480
478 479
477 478
476 477
475 476
474 475
473 474
472 473
471 472
470 471
469 470
468 469
467 468
466 467
465 466
464 465
463 464
462 463
461 462
460 461
459 460
458 459
457 458
456 457
455 456
454 455
453 454
452 453
451 452
450 451
449 450
448 449
447 448
446 447
445 446
444 445
443 444
442 443
441 442
440 441
439 440
438 439
437 438
436 437
435 436
434 435
433 434
432 433
431 432
430 431
429 430
428 429
427 428
426 427
425 426
424 425
423 424
422 423
421 422
420 421
419 420
418 419
417 418
416 417
415 416
414 415
413 414
412 413
411 412
410 411
409 410
408 409
407 408
406 407
405 406
404 405
403 404
402 403
401 402
400 401
399 400
398 399
397 398
396 397
395 396
394 395
393 394
392 393
