100
496 509
497 508
498 507
499 506
500 505
501 504
502 503
503 502
504 501
505 500
506 499
507 498
508 497
509 496
510 495
511 494
512 493
513 492
514 491
515 490
516 489
517 488
518 487
519 486
520 485
521 484
522 483
523 482
524 481
525 480
526 479
527 478
528 477
529 476
530 475
531 474
532 473
533 472
534 471
535 470
536 469
537 468
538 467
539 466
540 465
541 464
542 463
543 462
544 461
545 460
546 459
547 458
548 457
549 456
550 455
551 454
552 453
553 452
554 451
555 450
556 449
557 448
558 447
559 446
560 445
561 444
562 443
563 442
564 441
565 440
566 439
567 438
568 437
569 436
570 435
571 434
572 433
573 432
574 431
575 430
576 429
577 428
578 427
579 426
580 425
581 424
582 423
583 422
584 421
585 420
586 419
587 418
588 417
589 416
590 415
591 414
592 413
593 412
594 411
595 410
