100
494 491
493 492
492 493
491 494
490 495
489 496
488 497
487 498
486 499
485 500
484 501
483 502
482 503
481 504
480 505
479 506
478 507
477 508
476 509
475 510
474 511
473 512
472 513
471 514
470 515
469 516
468 517
467 518
466 519
465 520
464 521
463 522
462 523
461 524
460 525
459 526
458 527
457 528
456 529
455 530
454 531
453 532
452 533
451 534
450 535
449 536
448 537
447 538
446 539
445 540
444 541
443 542
442 543
441 544
440 545
439 546
438 547
437 548
436 549
435 550
434 551
433 552
432 553
431 554
430 555
429 556
428 557
427 558
426 559
425 560
424 561
423 562
422 563
421 564
420 565
419 566
418 567
417 568
416 569
415 570
414 571
413 572
412 573
411 574
410 575
409 576
408 577
407 578
406 579
405 580
404 581
403 582
402 583
401 584
400 585
399 586
398 587
397 588
396 589
395 590
