100
497 492
501 494
505 496
509 498
513 500
517 502
521 504
525 506
529 508
533 510
537 512
541 514
545 516
549 518
553 520
557 522
561 524
565 526
569 528
573 530
577 532
581 534
585 536
589 538
593 540
597 542
601 544
605 546
609 548
613 550
617 552
621 554
625 556
629 558
633 560
637 562
641 564
645 566
649 568
653 570
657 572
661 574
665 576
669 578
673 580
677 582
681 584
685 586
689 588
693 590
697 592
701 594
705 596
709 598
713 600
717 602
721 604
725 606
729 608
733 610
737 612
741 614
745 616
749 618
753 620
757 622
761 624
765 626
769 628
773 630
777 632
781 634
785 636
789 638
793 640
797 642
801 644
805 646
809 648
813 650
817 652
821 654
825 656
829 658
833 660
837 662
841 664
845 666
849 668
853 670
857 672
861 674
865 676
869 678
873 680
877 682
881 684
885 686
889 688
893 690
