100
490 509
491 511
492 513
493 515
494 517
495 519
496 521
497 523
498 525
499 527
500 529
501 531
502 533
503 535
504 537
505 539
506 541
507 543
508 545
509 547
510 549
511 551
512 553
513 555
514 557
515 559
516 561
517 563
518 565
519 567
520 569
521 571
522 573
523 575
524 577
525 579
526 581
527 583
528 585
529 587
530 589
531 591
532 593
533 595
534 597
535 599
536 601
537 603
538 605
539 607
540 609
541 611
542 613
543 615
544 617
545 619
546 621
547 623
548 625
549 627
550 629
551 631
552 633
553 635
554 637
555 639
556 641
557 643
558 645
559 647
560 649
561 651
562 653
563 655
564 657
565 659
566 661
567 663
568 665
569 667
570 669
571 671
572 673
573 675
574 677
575 679
576 681
577 683
578 685
579 687
580 689
581 691
582 693
583 695
584 697
585 699
586 701
587 703
588 705
589 707
