100
496 491
497 495
498 499
499 503
500 507
501 511
502 515
503 519
504 523
505 527
506 531
507 535
508 539
509 543
510 547
511 551
512 555
513 559
514 563
515 567
516 571
517 575
518 579
519 583
520 587
521 591
522 595
523 599
524 603
525 607
526 611
527 615
528 619
529 623
530 627
531 631
532 635
533 639
534 643
535 647
536 651
537 655
538 659
539 663
540 667
541 671
542 675
543 679
544 683
545 687
546 691
547 695
548 699
549 703
550 707
551 711
552 715
553 719
554 723
555 727
556 731
557 735
558 739
559 743
560 747
561 751
562 755
563 759
564 763
565 767
566 771
567 775
568 779
569 783
570 787
571 791
572 795
573 799
574 803
575 807
576 811
577 815
578 819
579 823
580 827
581 831
582 835
583 839
584 843
585 847
586 851
587 855
588 859
589 863
590 867
591 871
592 875
593 879
594 883
595 887
