100
508 506
510 507
512 508
514 509
516 510
518 511
520 512
522 513
524 514
526 515
528 516
530 517
532 518
534 519
536 520
538 521
540 522
542 523
544 524
546 525
548 526
550 527
552 528
554 529
556 530
558 531
560 532
562 533
564 534
566 535
568 536
570 537
572 538
574 539
576 540
578 541
580 542
582 543
584 544
586 545
588 546
590 547
592 548
594 549
596 550
598 551
600 552
602 553
604 554
606 555
608 556
610 557
612 558
614 559
616 560
618 561
620 562
622 563
624 564
626 565
628 566
630 567
632 568
634 569
636 570
638 571
640 572
642 573
644 574
646 575
648 576
650 577
652 578
654 579
656 580
658 581
660 582
662 583
664 584
666 585
668 586
670 587
672 588
674 589
676 590
678 591
680 592
682 593
684 594
686 595
688 596
690 597
692 598
694 599
696 600
698 601
700 602
702 603
704 604
706 605
