100
499 490
499 493
499 496
499 499
499 502
499 505
499 508
499 511
499 514
499 517
499 520
499 523
499 526
499 529
499 532
499 535
499 538
499 541
499 544
499 547
499 550
499 553
499 556
499 559
499 562
499 565
499 568
499 571
499 574
499 577
499 580
499 583
499 586
499 589
499 592
499 595
499 598
499 601
499 604
499 607
499 610
499 613
499 616
499 619
499 622
499 625
499 628
499 631
499 634
499 637
499 640
499 643
499 646
499 649
499 652
499 655
499 658
499 661
499 664
499 667
499 670
499 673
499 676
499 679
499 682
499 685
499 688
499 691
499 694
499 697
499 700
499 703
499 706
499 709
499 712
499 715
499 718
499 721
499 724
499 727
499 730
499 733
499 736
499 739
499 742
499 745
499 748
499 751
499 754
499 757
499 760
499 763
499 766
499 769
499 772
499 775
499 778
499 781
499 784
499 787
