100
500 510
504 513
508 516
512 519
516 522
520 525
524 528
528 531
532 534
536 537
540 540
544 543
548 546
552 549
556 552
560 555
564 558
568 561
572 564
576 567
580 570
584 573
588 576
592 579
596 582
600 585
604 588
608 591
612 594
616 597
620 600
624 603
628 606
632 609
636 612
640 615
644 618
648 621
652 624
656 627
660 630
664 633
668 636
672 639
676 642
680 645
684 648
688 651
692 654
696 657
700 660
704 663
708 666
712 669
716 672
720 675
724 678
728 681
732 684
736 687
740 690
744 693
748 696
752 699
756 702
760 705
764 708
768 711
772 714
776 717
780 720
784 723
788 726
792 729
796 732
800 735
804 738
808 741
812 744
816 747
820 750
824 753
828 756
832 759
836 762
840 765
844 768
848 771
852 774
856 777
860 780
864 783
868 786
872 789
876 792
880 795
884 798
888 801
892 804
896 807
