100
504 496
507 498
510 500
513 502
516 504
519 506
522 508
525 510
528 512
531 514
534 516
537 518
540 520
543 522
546 524
549 526
552 528
555 530
558 532
561 534
564 536
567 538
570 540
573 542
576 544
579 546
582 548
585 550
588 552
591 554
594 556
597 558
600 560
603 562
606 564
609 566
612 568
615 570
618 572
621 574
624 576
627 578
630 580
633 582
636 584
639 586
642 588
645 590
648 592
651 594
654 596
657 598
660 600
663 602
666 604
669 606
672 608
675 610
678 612
681 614
684 616
687 618
690 620
693 622
696 624
699 626
702 628
705 630
708 632
711 634
714 636
717 638
720 640
723 642
726 644
729 646
732 648
735 650
738 652
741 654
744 656
747 658
750 660
753 662
756 664
759 666
762 668
765 670
768 672
771 674
774 676
777 678
780 680
783 682
786 684
789 686
792 688
795 690
798 692
801 694
