100
501 503
502 503
500 503
503 503
499 503
504 503
498 503
505 503
497 503
506 503
496 503
507 503
495 503
508 503
494 503
509 503
493 503
510 503
492 503
511 503
491 503
512 503
490 503
513 503
489 503
514 503
488 503
515 503
487 503
516 503
486 503
517 503
485 503
518 503
484 503
519 503
483 503
520 503
482 503
521 503
481 503
522 503
480 503
523 503
479 503
524 503
478 503
525 503
477 503
526 503
476 503
527 503
475 503
528 503
474 503
529 503
473 503
530 503
472 503
531 503
471 503
532 503
470 503
533 503
469 503
534 503
468 503
535 503
467 503
536 503
466 503
537 503
465 503
538 503
464 503
539 503
463 503
540 503
462 503
541 503
461 503
542 503
460 503
543 503
459 503
544 503
458 503
545 503
457 503
546 503
456 503
547 503
455 503
548 503
454 503
549 503
453 503
550 503
452 503
551 503
