100
492 499
492 500
492 498
492 501
492 497
492 502
492 496
492 503
492 495
492 504
492 494
492 505
492 493
492 506
492 492
492 507
492 491
492 508
492 490
492 509
492 489
492 510
492 488
492 511
492 487
492 512
492 486
492 513
492 485
492 514
492 484
492 515
492 483
492 516
492 482
492 517
492 481
492 518
492 480
492 519
492 479
492 520
492 478
492 521
492 477
492 522
492 476
492 523
492 475
492 524
492 474
492 525
492 473
492 526
492 472
492 527
492 471
492 528
492 470
492 529
492 469
492 530
492 468
492 531
492 467
492 532
492 466
492 533
492 465
492 534
492 464
492 535
492 463
492 536
492 462
492 537
492 461
492 538
492 460
492 539
492 459
492 540
492 458
492 541
492 457
492 542
492 456
492 543
492 455
492 544
492 454
492 545
492 453
492 546
492 452
492 547
492 451
492 548
492 450
492 549
