100
510 505
509 505
511 505
508 505
512 505
507 505
513 505
506 505
514 505
505 505
515 505
504 505
516 505
503 505
517 505
502 505
518 505
501 505
519 505
500 505
520 505
499 505
521 505
498 505
522 505
497 505
523 505
496 505
524 505
495 505
525 505
494 505
526 505
493 505
527 505
492 505
528 505
491 505
529 505
490 505
530 505
489 505
531 505
488 505
532 505
487 505
533 505
486 505
534 505
485 505
535 505
484 505
536 505
483 505
537 505
482 505
538 505
481 505
539 505
480 505
540 505
479 505
541 505
478 505
542 505
477 505
543 505
476 505
544 505
475 505
545 505
474 505
546 505
473 505
547 505
472 505
548 505
471 505
549 505
470 505
550 505
469 505
551 505
468 505
552 505
467 505
553 505
466 505
554 505
465 505
555 505
464 505
556 505
463 505
557 505
462 505
558 505
461 505
559 505
460 505
