100
500 510
500 509
500 511
500 508
500 512
500 507
500 513
500 506
500 514
500 505
500 515
500 504
500 516
500 503
500 517
500 502
500 518
500 501
500 519
500 500
500 520
500 499
500 521
500 498
500 522
500 497
500 523
500 496
500 524
500 495
500 525
500 494
500 526
500 493
500 527
500 492
500 528
500 491
500 529
500 490
500 530
500 489
500 531
500 488
500 532
500 487
500 533
500 486
500 534
500 485
500 535
500 484
500 536
500 483
500 537
500 482
500 538
500 481
500 539
500 480
500 540
500 479
500 541
500 478
500 542
500 477
500 543
500 476
500 544
500 475
500 545
500 474
500 546
500 473
500 547
500 472
500 548
500 471
500 549
500 470
500 550
500 469
500 551
500 468
500 552
500 467
500 553
500 466
500 554
500 465
500 555
500 464
500 556
500 463
500 557
500 462
500 558
500 461
500 559
500 460
