100
500 498
501 499
499 497
502 500
498 496
503 501
497 495
504 502
496 494
505 503
495 493
506 504
494 492
507 505
493 491
508 506
492 490
509 507
491 489
510 508
490 488
511 509
489 487
512 510
488 486
513 511
487 485
514 512
486 484
515 513
485 483
516 514
484 482
517 515
483 481
518 516
482 480
519 517
481 479
520 518
480 478
521 519
479 477
522 520
478 476
523 521
477 475
524 522
476 474
525 523
475 473
526 524
474 472
527 525
473 471
528 526
472 470
529 527
471 469
530 528
470 468
531 529
469 467
532 530
468 466
533 531
467 465
534 532
466 464
535 533
465 463
536 534
464 462
537 535
463 461
538 536
462 460
539 537
461 459
540 538
460 458
541 539
459 457
542 540
458 456
543 541
457 455
544 542
456 454
545 543
455 453
546 544
454 452
547 545
453 451
548 546
452 450
549 547
451 449
550 548
