100
496 510
495 509
497 511
494 508
498 512
493 507
499 513
492 506
500 514
491 505
501 515
490 504
502 516
489 503
503 517
488 502
504 518
487 501
505 519
486 500
506 520
485 499
507 521
484 498
508 522
483 497
509 523
482 496
510 524
481 495
511 525
480 494
512 526
479 493
513 527
478 492
514 528
477 491
515 529
476 490
516 530
475 489
517 531
474 488
518 532
473 487
519 533
472 486
520 534
471 485
521 535
470 484
522 536
469 483
523 537
468 482
524 538
467 481
525 539
466 480
526 540
465 479
527 541
464 478
528 542
463 477
529 543
462 476
530 544
461 475
531 545
460 474
532 546
459 473
533 547
458 472
534 548
457 471
535 549
456 470
536 550
455 469
537 551
454 468
538 552
453 467
539 553
452 466
540 554
451 465
541 555
450 464
542 556
449 463
543 557
448 462
544 558
447 461
545 559
446 460
