100
504 493
505 492
503 494
506 491
502 495
507 490
501 496
508 489
500 497
509 488
499 498
510 487
498 499
511 486
497 500
512 485
496 501
513 484
495 502
514 483
494 503
515 482
493 504
516 481
492 505
517 480
491 506
518 479
490 507
519 478
489 508
520 477
488 509
521 476
487 510
522 475
486 511
523 474
485 512
524 473
484 513
525 472
483 514
526 471
482 515
527 470
481 516
528 469
480 517
529 468
479 518
530 467
478 519
531 466
477 520
532 465
476 521
533 464
475 522
534 463
474 523
535 462
473 524
536 461
472 525
537 460
471 526
538 459
470 527
539 458
469 528
540 457
468 529
541 456
467 530
542 455
466 531
543 454
465 532
544 453
464 533
545 452
463 534
546 451
462 535
547 450
461 536
548 449
460 537
549 448
459 538
550 447
458 539
551 446
457 540
552 445
456 541
553 444
455 542
554 443
