100
506 503
505 504
507 502
504 505
508 501
503 506
509 500
502 507
510 499
501 508
511 498
500 509
512 497
499 510
513 496
498 511
514 495
497 512
515 494
496 513
516 493
495 514
517 492
494 515
518 491
493 516
519 490
492 517
520 489
491 518
521 488
490 519
522 487
489 520
523 486
488 521
524 485
487 522
525 484
486 523
526 483
485 524
527 482
484 525
528 481
483 526
529 480
482 527
530 479
481 528
531 478
480 529
532 477
479 530
533 476
478 531
534 475
477 532
535 474
476 533
536 473
475 534
537 472
474 535
538 471
473 536
539 470
472 537
540 469
471 538
541 468
470 539
542 467
469 540
543 466
468 541
544 465
467 542
545 464
466 543
546 463
465 544
547 462
464 545
548 461
463 546
549 460
462 547
550 459
461 548
551 458
460 549
552 457
459 550
553 456
458 551
554 455
457 552
555 454
456 553
