100
502 500
506 502
498 498
510 504
494 496
514 506
490 494
518 508
486 492
522 510
482 490
526 512
478 488
530 514
474 486
534 516
470 484
538 518
466 482
542 520
462 480
546 522
458 478
550 524
454 476
554 526
450 474
558 528
446 472
562 530
442 470
566 532
438 468
570 534
434 466
574 536
430 464
578 538
426 462
582 540
422 460
586 542
418 458
590 544
414 456
594 546
410 454
598 548
406 452
602 550
402 450
606 552
398 448
610 554
394 446
614 556
390 444
618 558
386 442
622 560
382 440
626 562
378 438
630 564
374 436
634 566
370 434
638 568
366 432
642 570
362 430
646 572
358 428
650 574
354 426
654 576
350 424
658 578
346 422
662 580
342 420
666 582
338 418
670 584
334 416
674 586
330 414
678 588
326 412
682 590
322 410
686 592
318 408
690 594
314 406
694 596
310 404
698 598
306 402
702 600
