100
499 492
500 494
498 490
501 496
497 488
502 498
496 486
503 500
495 484
504 502
494 482
505 504
493 480
506 506
492 478
507 508
491 476
508 510
490 474
509 512
489 472
510 514
488 470
511 516
487 468
512 518
486 466
513 520
485 464
514 522
484 462
515 524
483 460
516 526
482 458
517 528
481 456
518 530
480 454
519 532
479 452
520 534
478 450
521 536
477 448
522 538
476 446
523 540
475 444
524 542
474 442
525 544
473 440
526 546
472 438
527 548
471 436
528 550
470 434
529 552
469 432
530 554
468 430
531 556
467 428
532 558
466 426
533 560
465 424
534 562
464 422
535 564
463 420
536 566
462 418
537 568
461 416
538 570
460 414
539 572
459 412
540 574
458 410
541 576
457 408
542 578
456 406
543 580
455 404
544 582
454 402
545 584
453 400
546 586
452 398
547 588
451 396
548 590
450 394
549 592
