100
503 495
504 499
502 491
505 503
501 487
506 507
500 483
507 511
499 479
508 515
498 475
509 519
497 471
510 523
496 467
511 527
495 463
512 531
494 459
513 535
493 455
514 539
492 451
515 543
491 447
516 547
490 443
517 551
489 439
518 555
488 435
519 559
487 431
520 563
486 427
521 567
485 423
522 571
484 419
523 575
483 415
524 579
482 411
525 583
481 407
526 587
480 403
527 591
479 399
528 595
478 395
529 599
477 391
530 603
476 387
531 607
475 383
532 611
474 379
533 615
473 375
534 619
472 371
535 623
471 367
536 627
470 363
537 631
469 359
538 635
468 355
539 639
467 351
540 643
466 347
541 647
465 343
542 651
464 339
543 655
463 335
544 659
462 331
545 663
461 327
546 667
460 323
547 671
459 319
548 675
458 315
549 679
457 311
550 683
456 307
551 687
455 303
552 691
454 299
553 695
