100
502 503
504 504
500 502
506 505
498 501
508 506
496 500
510 507
494 499
512 508
492 498
514 509
490 497
516 510
488 496
518 511
486 495
520 512
484 494
522 513
482 493
524 514
480 492
526 515
478 491
528 516
476 490
530 517
474 489
532 518
472 488
534 519
470 487
536 520
468 486
538 521
466 485
540 522
464 484
542 523
462 483
544 524
460 482
546 525
458 481
548 526
456 480
550 527
454 479
552 528
452 478
554 529
450 477
556 530
448 476
558 531
446 475
560 532
444 474
562 533
442 473
564 534
440 472
566 535
438 471
568 536
436 470
570 537
434 469
572 538
432 468
574 539
430 467
576 540
428 466
578 541
426 465
580 542
424 464
582 543
422 463
584 544
420 462
586 545
418 461
588 546
416 460
590 547
414 459
592 548
412 458
594 549
410 457
596 550
408 456
598 551
406 455
600 552
404 454
602 553
