100
503 504
503 507
503 501
503 510
503 498
503 513
503 495
503 516
503 492
503 519
503 489
503 522
503 486
503 525
503 483
503 528
503 480
503 531
503 477
503 534
503 474
503 537
503 471
503 540
503 468
503 543
503 465
503 546
503 462
503 549
503 459
503 552
503 456
503 555
503 453
503 558
503 450
503 561
503 447
503 564
503 444
503 567
503 441
503 570
503 438
503 573
503 435
503 576
503 432
503 579
503 429
503 582
503 426
503 585
503 423
503 588
503 420
503 591
503 417
503 594
503 414
503 597
503 411
503 600
503 408
503 603
503 405
503 606
503 402
503 609
503 399
503 612
503 396
503 615
503 393
503 618
503 390
503 621
503 387
503 624
503 384
503 627
503 381
503 630
503 378
503 633
503 375
503 636
503 372
503 639
503 369
503 642
503 366
503 645
503 363
503 648
503 360
503 651
503 357
503 654
