100
501 494
505 497
497 491
509 500
493 488
513 503
489 485
517 506
485 482
521 509
481 479
525 512
477 476
529 515
473 473
533 518
469 470
537 521
465 467
541 524
461 464
545 527
457 461
549 530
453 458
553 533
449 455
557 536
445 452
561 539
441 449
565 542
437 446
569 545
433 443
573 548
429 440
577 551
425 437
581 554
421 434
585 557
417 431
589 560
413 428
593 563
409 425
597 566
405 422
601 569
401 419
605 572
397 416
609 575
393 413
613 578
389 410
617 581
385 407
621 584
381 404
625 587
377 401
629 590
373 398
633 593
369 395
637 596
365 392
641 599
361 389
645 602
357 386
649 605
353 383
653 608
349 380
657 611
345 377
661 614
341 374
665 617
337 371
669 620
333 368
673 623
329 365
677 626
325 362
681 629
321 359
685 632
317 356
689 635
313 353
693 638
309 350
697 641
305 347
701 644
