100
496 505
499 507
493 503
502 509
490 501
505 511
487 499
508 513
484 497
511 515
481 495
514 517
478 493
517 519
475 491
520 521
472 489
523 523
469 487
526 525
466 485
529 527
463 483
532 529
460 481
535 531
457 479
538 533
454 477
541 535
451 475
544 537
448 473
547 539
445 471
550 541
442 469
553 543
439 467
556 545
436 465
559 547
433 463
562 549
430 461
565 551
427 459
568 553
424 457
571 555
421 455
574 557
418 453
577 559
415 451
580 561
412 449
583 563
409 447
586 565
406 445
589 567
403 443
592 569
400 441
595 571
397 439
598 573
394 437
601 575
391 435
604 577
388 433
607 579
385 431
610 581
382 429
613 583
379 427
616 585
376 425
619 587
373 423
622 589
370 421
625 591
367 419
628 593
364 417
631 595
361 415
634 597
358 413
637 599
355 411
640 601
352 409
643 603
349 407
646 605
