100
564 501
491 543
564 501
309 806
564 501
326 309
564 501
222 53
564 501
30 362
564 501
720 470
564 501
649 17
564 501
551 344
564 501
815 173
564 501
18 121
564 501
391 891
564 501
783 874
564 501
505 170
564 501
293 392
564 501
456 277
564 501
150 948
564 501
819 823
564 501
479 861
564 501
907 465
564 501
279 818
564 501
278 168
564 501
359 258
564 501
992 473
564 501
668 401
564 501
748 201
564 501
492 146
564 501
804 102
564 501
432 613
564 501
510 0
564 501
2 854
564 501
1011 535
564 501
601 464
564 501
796 877
564 501
820 414
564 501
477 445
564 501
250 159
564 501
831 945
564 501
501 457
564 501
795 597
564 501
615 1007
564 501
671 643
564 501
349 527
564 501
782 392
564 501
575 89
564 501
458 767
564 501
596 860
564 501
355 256
564 501
865 466
564 501
312 660
564 501
523 417
