373
373
373
373
373
372
372
372
372
372
184
184
184
184
184
184
184
183
183
183
183
260
260
260
260
260
260
259
259
259
259
259
185
185
185
185
185
185
185
185
185
184
184
184
192
192
192
192
192
192
192
192
191
191
191
191
94
94
93
93
93
93
93
93
93
93
93
93
93
166
166
166
166
166
166
166
166
165
165
165
165
165
71
71
71
71
71
71
71
71
71
71
71
71
71
70
121
121
121
121
121
121
121
120
120
120
120
120
120
120
313
313
313
313
313
313
313
313
313
313
313
313
313
312
312
42
42
42
42
42
42
42
42
42
42
42
41
41
41
41
223
223
223
223
223
223
222
222
222
222
222
222
222
222
222
222
125
125
125
125
125
125
125
125
124
124
124
124
124
124
124
124
258
258
258
258
258
258
258
258
258
258
258
258
257
257
257
257
257
140
140
140
140
140
139
139
139
139
139
139
139
139
139
139
139
139
259
259
259
259
259
259
259
259
259
259
259
258
258
258
258
258
258
258
57
57
57
57
57
57
57
57
57
57
57
56
56
56
56
56
56
56
238
238
238
238
238
238
237
237
237
237
237
237
237
237
237
237
237
237
237
48
48
48
48
48
48
48
48
48
48
48
48
48
48
48
48
48
47
47
39
39
39
39
39
39
39
39
39
39
39
39
39
39
38
38
38
38
38
38
166
166
166
166
165
165
165
165
165
165
165
165
165
165
165
165
165
165
165
165
72
72
71
71
71
71
71
71
71
71
71
71
71
71
71
71
71
71
71
71
71
92
92
92
92
91
91
91
91
91
91
91
91
91
91
91
91
91
91
91
91
91
153
153
153
153
153
153
153
153
153
153
153
153
153
153
153
153
153
153
153
153
152
152
92
92
92
92
91
91
91
91
91
91
91
91
91
91
91
91
91
91
91
91
91
91
192
192
192
192
192
192
192
191
191
191
191
191
191
191
191
191
191
191
191
191
191
191
191
106
106
106
106
106
106
106
106
106
106
106
105
105
105
105
105
105
105
105
105
105
105
105
136
136
136
136
136
136
136
136
136
135
135
135
135
135
135
135
135
135
135
135
135
135
135
135
38
38
38
37
37
37
37
37
37
37
37
37
37
37
37
37
37
37
37
37
37
37
37
37
