500
20 7450 1
20 7450 3
20 7450 5
20 7450 7
20 7450 9
20 7450 11
20 7450 13
20 7450 15
20 7450 17
20 7450 19
21 3856 1
21 3856 3
21 3856 5
21 3856 7
21 3856 9
21 3856 11
21 3856 13
21 3856 15
21 3856 17
21 3856 19
21 3856 21
22 5709 1
22 5709 3
22 5709 5
22 5709 7
22 5709 9
22 5709 11
22 5709 13
22 5709 15
22 5709 17
22 5709 19
22 5709 21
23 4249 1
23 4249 3
23 4249 5
23 4249 7
23 4249 9
23 4249 11
23 4249 13
23 4249 15
23 4249 17
23 4249 19
23 4249 21
23 4249 23
24 4600 1
24 4600 3
24 4600 5
24 4600 7
24 4600 9
24 4600 11
24 4600 13
24 4600 15
24 4600 17
24 4600 19
24 4600 21
24 4600 23
25 2329 1
25 2329 3
25 2329 5
25 2329 7
25 2329 9
25 2329 11
25 2329 13
25 2329 15
25 2329 17
25 2329 19
25 2329 21
25 2329 23
25 2329 25
26 4305 1
26 4305 3
26 4305 5
26 4305 7
26 4305 9
26 4305 11
26 4305 13
26 4305 15
26 4305 17
26 4305 19
26 4305 21
26 4305 23
26 4305 25
27 1915 1
27 1915 3
27 1915 5
27 1915 7
27 1915 9
27 1915 11
27 1915 13
27 1915 15
27 1915 17
27 1915 19
27 1915 21
27 1915 23
27 1915 25
27 1915 27
28 3373 1
28 3373 3
28 3373 5
28 3373 7
28 3373 9
28 3373 11
28 3373 13
28 3373 15
28 3373 17
28 3373 19
28 3373 21
28 3373 23
28 3373 25
28 3373 27
29 9073 1
29 9073 3
29 9073 5
29 9073 7
29 9073 9
29 9073 11
29 9073 13
29 9073 15
29 9073 17
29 9073 19
29 9073 21
29 9073 23
29 9073 25
29 9073 27
29 9073 29
30 1251 1
30 1251 3
30 1251 5
30 1251 7
30 1251 9
30 1251 11
30 1251 13
30 1251 15
30 1251 17
30 1251 19
30 1251 21
30 1251 23
30 1251 25
30 1251 27
30 1251 29
31 6893 1
31 6893 3
31 6893 5
31 6893 7
31 6893 9
31 6893 11
31 6893 13
31 6893 15
31 6893 17
31 6893 19
31 6893 21
31 6893 23
31 6893 25
31 6893 27
31 6893 29
31 6893 31
32 3983 1
32 3983 3
32 3983 5
32 3983 7
32 3983 9
32 3983 11
32 3983 13
32 3983 15
32 3983 17
32 3983 19
32 3983 21
32 3983 23
32 3983 25
32 3983 27
32 3983 29
32 3983 31
33 8505 1
33 8505 3
33 8505 5
33 8505 7
33 8505 9
33 8505 11
33 8505 13
33 8505 15
33 8505 17
33 8505 19
33 8505 21
33 8505 23
33 8505 25
33 8505 27
33 8505 29
33 8505 31
33 8505 33
34 4736 1
34 4736 3
34 4736 5
34 4736 7
34 4736 9
34 4736 11
34 4736 13
34 4736 15
34 4736 17
34 4736 19
34 4736 21
34 4736 23
34 4736 25
34 4736 27
34 4736 29
34 4736 31
34 4736 33
35 9051 1
35 9051 3
35 9051 5
35 9051 7
35 9051 9
35 9051 11
35 9051 13
35 9051 15
35 9051 17
35 9051 19
35 9051 21
35 9051 23
35 9051 25
35 9051 27
35 9051 29
35 9051 31
35 9051 33
35 9051 35
36 2037 1
36 2037 3
36 2037 5
36 2037 7
36 2037 9
36 2037 11
36 2037 13
36 2037 15
36 2037 17
36 2037 19
36 2037 21
36 2037 23
36 2037 25
36 2037 27
36 2037 29
36 2037 31
36 2037 33
36 2037 35
37 8781 1
37 8781 3
37 8781 5
37 8781 7
37 8781 9
37 8781 11
37 8781 13
37 8781 15
37 8781 17
37 8781 19
37 8781 21
37 8781 23
37 8781 25
37 8781 27
37 8781 29
37 8781 31
37 8781 33
37 8781 35
37 8781 37
38 1820 1
38 1820 3
38 1820 5
38 1820 7
38 1820 9
38 1820 11
38 1820 13
38 1820 15
38 1820 17
38 1820 19
38 1820 21
38 1820 23
38 1820 25
38 1820 27
38 1820 29
38 1820 31
38 1820 33
38 1820 35
38 1820 37
39 1509 1
39 1509 3
39 1509 5
39 1509 7
39 1509 9
39 1509 11
39 1509 13
39 1509 15
39 1509 17
39 1509 19
39 1509 21
39 1509 23
39 1509 25
39 1509 27
39 1509 29
39 1509 31
39 1509 33
39 1509 35
39 1509 37
39 1509 39
40 6608 1
40 6608 3
40 6608 5
40 6608 7
40 6608 9
40 6608 11
40 6608 13
40 6608 15
40 6608 17
40 6608 19
40 6608 21
40 6608 23
40 6608 25
40 6608 27
40 6608 29
40 6608 31
40 6608 33
40 6608 35
40 6608 37
40 6608 39
41 2915 1
41 2915 3
41 2915 5
41 2915 7
41 2915 9
41 2915 11
41 2915 13
41 2915 15
41 2915 17
41 2915 19
41 2915 21
41 2915 23
41 2915 25
41 2915 27
41 2915 29
41 2915 31
41 2915 33
41 2915 35
41 2915 37
41 2915 39
41 2915 41
42 3830 1
42 3830 3
42 3830 5
42 3830 7
42 3830 9
42 3830 11
42 3830 13
42 3830 15
42 3830 17
42 3830 19
42 3830 21
42 3830 23
42 3830 25
42 3830 27
42 3830 29
42 3830 31
42 3830 33
42 3830 35
42 3830 37
42 3830 39
42 3830 41
43 6575 1
43 6575 3
43 6575 5
43 6575 7
43 6575 9
43 6575 11
43 6575 13
43 6575 15
43 6575 17
43 6575 19
43 6575 21
43 6575 23
43 6575 25
43 6575 27
43 6575 29
43 6575 31
43 6575 33
43 6575 35
43 6575 37
43 6575 39
43 6575 41
43 6575 43
44 4012 1
44 4012 3
44 4012 5
44 4012 7
44 4012 9
44 4012 11
44 4012 13
44 4012 15
44 4012 17
44 4012 19
44 4012 21
44 4012 23
44 4012 25
44 4012 27
44 4012 29
44 4012 31
44 4012 33
44 4012 35
44 4012 37
44 4012 39
44 4012 41
44 4012 43
45 8608 1
45 8608 3
45 8608 5
45 8608 7
45 8608 9
45 8608 11
45 8608 13
45 8608 15
45 8608 17
45 8608 19
45 8608 21
45 8608 23
45 8608 25
45 8608 27
45 8608 29
45 8608 31
45 8608 33
45 8608 35
45 8608 37
45 8608 39
45 8608 41
45 8608 43
45 8608 45
46 4851 1
46 4851 3
46 4851 5
46 4851 7
46 4851 9
46 4851 11
46 4851 13
46 4851 15
46 4851 17
46 4851 19
46 4851 21
46 4851 23
46 4851 25
46 4851 27
46 4851 29
46 4851 31
46 4851 33
46 4851 35
46 4851 37
46 4851 39
46 4851 41
46 4851 43
46 4851 45
47 6362 1
47 6362 3
47 6362 5
47 6362 7
47 6362 9
47 6362 11
47 6362 13
47 6362 15
47 6362 17
47 6362 19
47 6362 21
47 6362 23
47 6362 25
47 6362 27
47 6362 29
47 6362 31
47 6362 33
47 6362 35
47 6362 37
47 6362 39
47 6362 41
47 6362 43
47 6362 45
47 6362 47
48 1781 1
48 1781 3
48 1781 5
48 1781 7
48 1781 9
48 1781 11
48 1781 13
48 1781 15
48 1781 17
48 1781 19
48 1781 21
48 1781 23
48 1781 25
48 1781 27
48 1781 29
48 1781 31
48 1781 33
48 1781 35
48 1781 37
48 1781 39
48 1781 41
48 1781 43
48 1781 45
48 1781 47
