500
90 4480 1
90 4480 3
90 4480 5
90 4480 7
90 4480 9
90 4480 11
90 4480 13
90 4480 15
90 4480 17
90 4480 19
90 4480 21
90 4480 23
90 4480 25
90 4480 27
90 4480 29
90 4480 31
90 4480 33
90 4480 35
90 4480 37
90 4480 39
90 4480 41
90 4480 43
90 4480 45
90 4480 47
90 4480 49
90 4480 51
90 4480 53
90 4480 55
90 4480 57
90 4480 59
90 4480 61
90 4480 63
90 4480 65
90 4480 67
90 4480 69
90 4480 71
90 4480 73
90 4480 75
90 4480 77
90 4480 79
90 4480 81
90 4480 83
90 4480 85
90 4480 87
90 4480 89
91 3617 1
91 3617 3
91 3617 5
91 3617 7
91 3617 9
91 3617 11
91 3617 13
91 3617 15
91 3617 17
91 3617 19
91 3617 21
91 3617 23
91 3617 25
91 3617 27
91 3617 29
91 3617 31
91 3617 33
91 3617 35
91 3617 37
91 3617 39
91 3617 41
91 3617 43
91 3617 45
91 3617 47
91 3617 49
91 3617 51
91 3617 53
91 3617 55
91 3617 57
91 3617 59
91 3617 61
91 3617 63
91 3617 65
91 3617 67
91 3617 69
91 3617 71
91 3617 73
91 3617 75
91 3617 77
91 3617 79
91 3617 81
91 3617 83
91 3617 85
91 3617 87
91 3617 89
91 3617 91
92 3071 1
92 3071 3
92 3071 5
92 3071 7
92 3071 9
92 3071 11
92 3071 13
92 3071 15
92 3071 17
92 3071 19
92 3071 21
92 3071 23
92 3071 25
92 3071 27
92 3071 29
92 3071 31
92 3071 33
92 3071 35
92 3071 37
92 3071 39
92 3071 41
92 3071 43
92 3071 45
92 3071 47
92 3071 49
92 3071 51
92 3071 53
92 3071 55
92 3071 57
92 3071 59
92 3071 61
92 3071 63
92 3071 65
92 3071 67
92 3071 69
92 3071 71
92 3071 73
92 3071 75
92 3071 77
92 3071 79
92 3071 81
92 3071 83
92 3071 85
92 3071 87
92 3071 89
92 3071 91
93 4479 1
93 4479 3
93 4479 5
93 4479 7
93 4479 9
93 4479 11
93 4479 13
93 4479 15
93 4479 17
93 4479 19
93 4479 21
93 4479 23
93 4479 25
93 4479 27
93 4479 29
93 4479 31
93 4479 33
93 4479 35
93 4479 37
93 4479 39
93 4479 41
93 4479 43
93 4479 45
93 4479 47
93 4479 49
93 4479 51
93 4479 53
93 4479 55
93 4479 57
93 4479 59
93 4479 61
93 4479 63
93 4479 65
93 4479 67
93 4479 69
93 4479 71
93 4479 73
93 4479 75
93 4479 77
93 4479 79
93 4479 81
93 4479 83
93 4479 85
93 4479 87
93 4479 89
93 4479 91
93 4479 93
94 3312 1
94 3312 3
94 3312 5
94 3312 7
94 3312 9
94 3312 11
94 3312 13
94 3312 15
94 3312 17
94 3312 19
94 3312 21
94 3312 23
94 3312 25
94 3312 27
94 3312 29
94 3312 31
94 3312 33
94 3312 35
94 3312 37
94 3312 39
94 3312 41
94 3312 43
94 3312 45
94 3312 47
94 3312 49
94 3312 51
94 3312 53
94 3312 55
94 3312 57
94 3312 59
94 3312 61
94 3312 63
94 3312 65
94 3312 67
94 3312 69
94 3312 71
94 3312 73
94 3312 75
94 3312 77
94 3312 79
94 3312 81
94 3312 83
94 3312 85
94 3312 87
94 3312 89
94 3312 91
94 3312 93
95 5899 1
95 5899 3
95 5899 5
95 5899 7
95 5899 9
95 5899 11
95 5899 13
95 5899 15
95 5899 17
95 5899 19
95 5899 21
95 5899 23
95 5899 25
95 5899 27
95 5899 29
95 5899 31
95 5899 33
95 5899 35
95 5899 37
95 5899 39
95 5899 41
95 5899 43
95 5899 45
95 5899 47
95 5899 49
95 5899 51
95 5899 53
95 5899 55
95 5899 57
95 5899 59
95 5899 61
95 5899 63
95 5899 65
95 5899 67
95 5899 69
95 5899 71
95 5899 73
95 5899 75
95 5899 77
95 5899 79
95 5899 81
95 5899 83
95 5899 85
95 5899 87
95 5899 89
95 5899 91
95 5899 93
95 5899 95
96 4093 1
96 4093 3
96 4093 5
96 4093 7
96 4093 9
96 4093 11
96 4093 13
96 4093 15
96 4093 17
96 4093 19
96 4093 21
96 4093 23
96 4093 25
96 4093 27
96 4093 29
96 4093 31
96 4093 33
96 4093 35
96 4093 37
96 4093 39
96 4093 41
96 4093 43
96 4093 45
96 4093 47
96 4093 49
96 4093 51
96 4093 53
96 4093 55
96 4093 57
96 4093 59
96 4093 61
96 4093 63
96 4093 65
96 4093 67
96 4093 69
96 4093 71
96 4093 73
96 4093 75
96 4093 77
96 4093 79
96 4093 81
96 4093 83
96 4093 85
96 4093 87
96 4093 89
96 4093 91
96 4093 93
96 4093 95
97 4465 1
97 4465 3
97 4465 5
97 4465 7
97 4465 9
97 4465 11
97 4465 13
97 4465 15
97 4465 17
97 4465 19
97 4465 21
97 4465 23
97 4465 25
97 4465 27
97 4465 29
97 4465 31
97 4465 33
97 4465 35
97 4465 37
97 4465 39
97 4465 41
97 4465 43
97 4465 45
97 4465 47
97 4465 49
97 4465 51
97 4465 53
97 4465 55
97 4465 57
97 4465 59
97 4465 61
97 4465 63
97 4465 65
97 4465 67
97 4465 69
97 4465 71
97 4465 73
97 4465 75
97 4465 77
97 4465 79
97 4465 81
97 4465 83
97 4465 85
97 4465 87
97 4465 89
97 4465 91
97 4465 93
97 4465 95
97 4465 97
98 2067 1
98 2067 3
98 2067 5
98 2067 7
98 2067 9
98 2067 11
98 2067 13
98 2067 15
98 2067 17
98 2067 19
98 2067 21
98 2067 23
98 2067 25
98 2067 27
98 2067 29
98 2067 31
98 2067 33
98 2067 35
98 2067 37
98 2067 39
98 2067 41
98 2067 43
98 2067 45
98 2067 47
98 2067 49
98 2067 51
98 2067 53
98 2067 55
98 2067 57
98 2067 59
98 2067 61
98 2067 63
98 2067 65
98 2067 67
98 2067 69
98 2067 71
98 2067 73
98 2067 75
98 2067 77
98 2067 79
98 2067 81
98 2067 83
98 2067 85
98 2067 87
98 2067 89
98 2067 91
98 2067 93
98 2067 95
98 2067 97
99 818 1
99 818 3
99 818 5
99 818 7
99 818 9
99 818 11
99 818 13
99 818 15
99 818 17
99 818 19
99 818 21
99 818 23
99 818 25
99 818 27
99 818 29
99 818 31
99 818 33
99 818 35
99 818 37
99 818 39
99 818 41
99 818 43
99 818 45
99 818 47
99 818 49
99 818 51
99 818 53
99 818 55
99 818 57
99 818 59
99 818 61
99 818 63
99 818 65
99 818 67
99 818 69
99 818 71
99 818 73
99 818 75
99 818 77
99 818 79
99 818 81
99 818 83
99 818 85
99 818 87
99 818 89
99 818 91
99 818 93
99 818 95
99 818 97
99 818 99
100 2961 1
100 2961 3
100 2961 5
100 2961 7
100 2961 9
100 2961 11
100 2961 13
100 2961 15
100 2961 17
100 2961 19
100 2961 21
100 2961 23
100 2961 25
100 2961 27
100 2961 29
100 2961 31
100 2961 33
100 2961 35
100 2961 37
100 2961 39
100 2961 41
100 2961 43
100 2961 45
100 2961 47
100 2961 49
