500
60 9310 1
60 9310 3
60 9310 5
60 9310 7
60 9310 9
60 9310 11
60 9310 13
60 9310 15
60 9310 17
60 9310 19
60 9310 21
60 9310 23
60 9310 25
60 9310 27
60 9310 29
60 9310 31
60 9310 33
60 9310 35
60 9310 37
60 9310 39
60 9310 41
60 9310 43
60 9310 45
60 9310 47
60 9310 49
60 9310 51
60 9310 53
60 9310 55
60 9310 57
60 9310 59
61 4265 1
61 4265 3
61 4265 5
61 4265 7
61 4265 9
61 4265 11
61 4265 13
61 4265 15
61 4265 17
61 4265 19
61 4265 21
61 4265 23
61 4265 25
61 4265 27
61 4265 29
61 4265 31
61 4265 33
61 4265 35
61 4265 37
61 4265 39
61 4265 41
61 4265 43
61 4265 45
61 4265 47
61 4265 49
61 4265 51
61 4265 53
61 4265 55
61 4265 57
61 4265 59
61 4265 61
62 2085 1
62 2085 3
62 2085 5
62 2085 7
62 2085 9
62 2085 11
62 2085 13
62 2085 15
62 2085 17
62 2085 19
62 2085 21
62 2085 23
62 2085 25
62 2085 27
62 2085 29
62 2085 31
62 2085 33
62 2085 35
62 2085 37
62 2085 39
62 2085 41
62 2085 43
62 2085 45
62 2085 47
62 2085 49
62 2085 51
62 2085 53
62 2085 55
62 2085 57
62 2085 59
62 2085 61
63 3265 1
63 3265 3
63 3265 5
63 3265 7
63 3265 9
63 3265 11
63 3265 13
63 3265 15
63 3265 17
63 3265 19
63 3265 21
63 3265 23
63 3265 25
63 3265 27
63 3265 29
63 3265 31
63 3265 33
63 3265 35
63 3265 37
63 3265 39
63 3265 41
63 3265 43
63 3265 45
63 3265 47
63 3265 49
63 3265 51
63 3265 53
63 3265 55
63 3265 57
63 3265 59
63 3265 61
63 3265 63
64 8520 1
64 8520 3
64 8520 5
64 8520 7
64 8520 9
64 8520 11
64 8520 13
64 8520 15
64 8520 17
64 8520 19
64 8520 21
64 8520 23
64 8520 25
64 8520 27
64 8520 29
64 8520 31
64 8520 33
64 8520 35
64 8520 37
64 8520 39
64 8520 41
64 8520 43
64 8520 45
64 8520 47
64 8520 49
64 8520 51
64 8520 53
64 8520 55
64 8520 57
64 8520 59
64 8520 61
64 8520 63
65 5204 1
65 5204 3
65 5204 5
65 5204 7
65 5204 9
65 5204 11
65 5204 13
65 5204 15
65 5204 17
65 5204 19
65 5204 21
65 5204 23
65 5204 25
65 5204 27
65 5204 29
65 5204 31
65 5204 33
65 5204 35
65 5204 37
65 5204 39
65 5204 41
65 5204 43
65 5204 45
65 5204 47
65 5204 49
65 5204 51
65 5204 53
65 5204 55
65 5204 57
65 5204 59
65 5204 61
65 5204 63
65 5204 65
66 9733 1
66 9733 3
66 9733 5
66 9733 7
66 9733 9
66 9733 11
66 9733 13
66 9733 15
66 9733 17
66 9733 19
66 9733 21
66 9733 23
66 9733 25
66 9733 27
66 9733 29
66 9733 31
66 9733 33
66 9733 35
66 9733 37
66 9733 39
66 9733 41
66 9733 43
66 9733 45
66 9733 47
66 9733 49
66 9733 51
66 9733 53
66 9733 55
66 9733 57
66 9733 59
66 9733 61
66 9733 63
66 9733 65
67 8524 1
67 8524 3
67 8524 5
67 8524 7
67 8524 9
67 8524 11
67 8524 13
67 8524 15
67 8524 17
67 8524 19
67 8524 21
67 8524 23
67 8524 25
67 8524 27
67 8524 29
67 8524 31
67 8524 33
67 8524 35
67 8524 37
67 8524 39
67 8524 41
67 8524 43
67 8524 45
67 8524 47
67 8524 49
67 8524 51
67 8524 53
67 8524 55
67 8524 57
67 8524 59
67 8524 61
67 8524 63
67 8524 65
67 8524 67
68 4897 1
68 4897 3
68 4897 5
68 4897 7
68 4897 9
68 4897 11
68 4897 13
68 4897 15
68 4897 17
68 4897 19
68 4897 21
68 4897 23
68 4897 25
68 4897 27
68 4897 29
68 4897 31
68 4897 33
68 4897 35
68 4897 37
68 4897 39
68 4897 41
68 4897 43
68 4897 45
68 4897 47
68 4897 49
68 4897 51
68 4897 53
68 4897 55
68 4897 57
68 4897 59
68 4897 61
68 4897 63
68 4897 65
68 4897 67
69 6209 1
69 6209 3
69 6209 5
69 6209 7
69 6209 9
69 6209 11
69 6209 13
69 6209 15
69 6209 17
69 6209 19
69 6209 21
69 6209 23
69 6209 25
69 6209 27
69 6209 29
69 6209 31
69 6209 33
69 6209 35
69 6209 37
69 6209 39
69 6209 41
69 6209 43
69 6209 45
69 6209 47
69 6209 49
69 6209 51
69 6209 53
69 6209 55
69 6209 57
69 6209 59
69 6209 61
69 6209 63
69 6209 65
69 6209 67
69 6209 69
70 1581 1
70 1581 3
70 1581 5
70 1581 7
70 1581 9
70 1581 11
70 1581 13
70 1581 15
70 1581 17
70 1581 19
70 1581 21
70 1581 23
70 1581 25
70 1581 27
70 1581 29
70 1581 31
70 1581 33
70 1581 35
70 1581 37
70 1581 39
70 1581 41
70 1581 43
70 1581 45
70 1581 47
70 1581 49
70 1581 51
70 1581 53
70 1581 55
70 1581 57
70 1581 59
70 1581 61
70 1581 63
70 1581 65
70 1581 67
70 1581 69
71 4037 1
71 4037 3
71 4037 5
71 4037 7
71 4037 9
71 4037 11
71 4037 13
71 4037 15
71 4037 17
71 4037 19
71 4037 21
71 4037 23
71 4037 25
71 4037 27
71 4037 29
71 4037 31
71 4037 33
71 4037 35
71 4037 37
71 4037 39
71 4037 41
71 4037 43
71 4037 45
71 4037 47
71 4037 49
71 4037 51
71 4037 53
71 4037 55
71 4037 57
71 4037 59
71 4037 61
71 4037 63
71 4037 65
71 4037 67
71 4037 69
71 4037 71
72 3511 1
72 3511 3
72 3511 5
72 3511 7
72 3511 9
72 3511 11
72 3511 13
72 3511 15
72 3511 17
72 3511 19
72 3511 21
72 3511 23
72 3511 25
72 3511 27
72 3511 29
72 3511 31
72 3511 33
72 3511 35
72 3511 37
72 3511 39
72 3511 41
72 3511 43
72 3511 45
72 3511 47
72 3511 49
72 3511 51
72 3511 53
72 3511 55
72 3511 57
72 3511 59
72 3511 61
72 3511 63
72 3511 65
72 3511 67
72 3511 69
72 3511 71
73 6710 1
73 6710 3
73 6710 5
73 6710 7
73 6710 9
73 6710 11
73 6710 13
73 6710 15
73 6710 17
73 6710 19
73 6710 21
73 6710 23
73 6710 25
73 6710 27
73 6710 29
73 6710 31
73 6710 33
73 6710 35
73 6710 37
73 6710 39
73 6710 41
73 6710 43
73 6710 45
73 6710 47
73 6710 49
73 6710 51
73 6710 53
73 6710 55
73 6710 57
73 6710 59
73 6710 61
73 6710 63
73 6710 65
73 6710 67
73 6710 69
73 6710 71
73 6710 73
74 1576 1
74 1576 3
74 1576 5
74 1576 7
74 1576 9
74 1576 11
74 1576 13
74 1576 15
74 1576 17
74 1576 19
74 1576 21
74 1576 23
74 1576 25
74 1576 27
74 1576 29
74 1576 31
74 1576 33
74 1576 35
74 1576 37
74 1576 39
74 1576 41
74 1576 43
74 1576 45
74 1576 47
74 1576 49
74 1576 51
74 1576 53
74 1576 55
74 1576 57
74 1576 59
74 1576 61
