49
61
213
334
114
35
126
83
148
186
64
20
141
60
107
19
29
72
159
39
375
37
46
116
28
42
72
6
85
62
102
85
37
91
68
52
184
53
171
70
260
103
12
66
213
151
178
89
75
117
130
55
35
16
119
110
126
255
107
88
64
90
187
21
12
41
9
33
115
95
8
18
203
100
41
45
33
30
124
6
69
37
61
319
141
1
319
247
92
72
99
101
132
178
180
6
39
18
107
106
128
49
2
72
8
13
280
158
348
108
34
69
140
110
47
44
119
181
81
52
7
50
39
57
3
38
28
90
245
134
33
191
92
72
71
205
59
91
282
9
101
86
130
277
5
200
43
2
110
83
130
82
324
11
101
119
166
111
117
44
81
3
20
304
85
158
79
9
56
30
99
134
136
108
121
141
14
21
29
105
52
114
39
45
140
51
184
10
92
225
34
53
68
161
65
157
151
88
31
126
188
49
203
239
244
147
54
143
54
223
23
96
146
50
118
49
95
78
262
145
15
221
126
77
146
35
288
16
35
119
107
23
257
57
15
59
285
104
18
63
57
203
328
92
2
233
14
69
111
119
51
76
32
182
82
79
134
131
2
383
90
63
390
36
111
87
54
105
105
137
1
77
84
177
98
161
159
139
15
141
55
20
206
200
184
186
61
1
64
23
310
186
74
103
88
43
67
76
101
117
152
29
151
31
138
102
65
176
279
93
10
53
126
21
189
47
9
82
28
91
76
82
115
108
193
143
15
77
127
259
118
38
418
20
191
51
59
132
37
156
89
66
65
51
15
301
104
5
23
65
16
169
211
344
90
15
132
44
14
109
123
17
401
127
7
78
131
184
59
148
109
61
130
391
40
1
51
306
35
110
115
19
46
136
51
315
100
124
88
98
37
102
35
318
343
38
3
36
7
51
46
58
22
265
40
202
8
273
181
78
106
168
315
42
53
93
86
30
134
84
50
140
212
188
15
111
20
48
18
113
43
68
27
119
13
75
22
219
145
23
151
32
25
182
18
103
303
96
68
123
84
160
85
143
188
111
93
158
68
142
29
10
6
163
34
90
63
90
115
5
95
66
85
135
106
31
13
12
50
164
105
71
117
5
55
251
119
283
21
87
133
68
91
121
134
77
98
70
93
297
