500
87 4288 60
50 3068 30
46 9805 14
25 8361 24
79 8963 16
78 2759 51
60 7571 29
62 5182 43
39 5770 18
26 4827 15
85 5422 54
54 1054 14
51 7177 3
56 3390 48
84 8988 58
94 1736 5
29 831 9
96 6938 52
54 8630 49
87 3402 15
22 8244 12
86 3161 4
47 2154 39
79 9104 7
59 1698 53
78 3253 33
81 5859 69
35 208 17
77 6541 44
59 3658 19
77 7864 41
89 7550 34
62 2281 48
71 6433 29
75 5098 42
86 4530 67
31 5688 9
73 3831 17
49 8382 7
38 2632 9
32 8329 28
37 3791 17
49 574 35
94 6255 58
34 7236 8
24 3641 20
38 6762 36
68 6064 57
87 6583 75
44 5136 4
38 4932 21
74 4110 54
89 3117 47
84 1352 11
39 4629 27
58 6382 40
42 5293 25
24 6110 2
71 7555 7
66 5799 40
94 5960 36
64 5743 15
49 9173 38
90 1879 36
37 435 25
90 3691 61
98 904 47
71 2354 68
63 7220 9
55 5230 48
37 291 1
33 587 7
23 4660 14
79 7916 78
63 2556 16
94 4230 48
97 3241 53
65 1953 53
58 7192 33
98 624 68
66 4516 20
74 2722 42
78 4713 32
27 8619 18
67 9457 62
97 101 80
22 7027 12
31 7663 16
72 6609 26
58 4186 45
51 5029 18
80 8106 39
26 3431 4
38 6784 21
44 7938 30
73 398 2
60 2377 47
81 1493 65
89 9495 46
72 7643 41
46 5866 14
99 4814 35
91 137 14
100 7179 4
41 330 18
57 791 54
29 8128 22
27 4277 12
22 7661 18
24 2599 22
81 2711 18
72 5011 65
34 4735 2
69 7584 58
22 1037 10
89 3921 49
31 3687 3
20 3626 11
33 2675 10
89 4666 77
48 328 39
95 4778 59
55 2125 27
87 4962 48
36 104 8
97 3657 52
22 617 2
85 7644 32
36 8826 36
67 8945 32
42 1368 14
38 7267 29
96 8769 27
94 6825 81
82 5800 55
35 7191 22
58 3434 56
62 5655 62
34 9565 1
56 482 31
73 7386 52
70 6061 42
65 8412 11
36 9970 1
66 319 25
30 6005 12
68 2930 26
99 198 20
51 5593 34
80 6632 23
71 9217 19
62 5092 10
22 7124 13
98 1104 54
70 7054 6
43 5096 15
53 8823 46
81 8994 10
75 8777 56
61 2677 11
65 5291 47
71 256 46
99 1992 28
26 7920 21
94 7982 69
27 4250 1
94 7379 33
21 173 3
78 4334 7
50 1510 23
95 9399 75
67 8960 3
38 5157 27
92 9944 21
70 8472 58
50 7063 24
97 1360 42
64 1370 62
97 2746 20
63 6603 19
61 3173 52
85 9686 8
97 3831 53
44 1983 23
71 9930 10
76 3840 26
22 4065 21
61 588 15
23 2100 3
31 6969 15
93 3148 63
39 2069 19
78 5294 39
53 8556 50
23 1503 17
31 4852 13
39 5875 20
82 7190 21
48 1486 34
28 3521 2
35 6568 9
97 4768 86
39 7912 7
35 8367 20
34 8302 10
57 8361 11
92 4887 9
44 6293 27
51 2762 25
29 6476 24
47 1062 22
24 2316 15
29 4233 4
49 2441 35
55 6528 54
28 1387 27
81 7650 13
52 4075 32
28 7336 23
57 8285 44
97 1412 14
37 8184 28
76 9635 66
72 5549 10
24 3491 5
53 1858 13
26 7472 6
63 1047 46
94 3268 46
68 8073 18
70 7476 40
70 1585 37
31 7974 20
55 3127 41
22 335 16
72 4241 8
21 5993 9
83 8620 14
24 437 17
99 6227 34
28 1606 19
45 9153 27
23 7538 1
89 8124 18
87 227 76
38 8862 26
71 977 10
84 5792 70
87 9653 38
72 8544 32
27 1401 27
83 6294 57
52 1661 49
51 9278 8
80 6612 60
76 5943 11
74 9949 51
62 8090 4
70 113 26
22 8437 13
51 4572 22
38 2374 7
20 7800 6
81 2912 66
53 5852 2
26 2259 18
92 4969 71
74 7796 61
47 4941 27
29 3978 28
97 127 40
46 3533 24
49 4114 35
30 5283 1
81 7926 4
58 9323 23
27 4291 2
20 2778 17
76 1197 71
28 3957 27
51 2809 6
73 1452 39
45 9287 35
45 9009 21
34 6243 2
20 3716 8
62 3742 21
79 129 56
96 6184 49
46 1043 20
23 7130 23
22 4085 14
63 4682 62
57 5915 57
76 6695 60
92 3958 10
85 5673 58
70 5341 53
43 4349 15
66 7731 26
63 9623 56
87 2504 60
34 5120 6
63 1967 59
42 5810 28
66 6699 12
80 5240 68
50 8797 43
30 8350 1
71 6594 16
61 621 56
60 3155 6
62 7812 4
74 1499 5
23 4341 3
91 4206 17
86 752 47
67 5445 14
48 1379 36
57 5161 29
89 6782 73
79 6488 57
74 8514 27
63 6778 16
50 9670 38
68 9690 4
75 1068 16
38 2937 23
25 3182 19
37 9565 9
37 4396 34
77 2971 58
22 9197 22
86 1706 61
46 8761 11
70 3508 5
80 4751 72
67 8817 21
39 1430 22
24 3736 3
91 8047 29
56 3648 1
59 3884 50
100 5124 61
76 1148 32
25 7517 12
82 8577 57
93 480 54
86 1953 15
90 5880 61
45 714 22
30 5075 7
26 5485 10
27 9286 25
100 8970 48
58 878 18
37 4864 2
51 2243 37
95 1339 83
88 9624 36
30 3709 20
77 1313 23
22 8804 4
42 5358 30
83 519 3
65 5082 64
64 8384 5
23 4222 1
87 5170 75
33 4870 18
61 6653 41
81 4977 71
39 5073 24
20 7824 19
57 2305 40
43 44 42
84 4244 27
30 9200 23
68 2344 19
83 9104 29
84 9623 46
68 1257 11
39 1790 26
58 7918 43
50 2543 31
24 7556 7
85 8536 44
58 7153 19
58 5078 17
34 3324 16
49 1833 40
38 3862 19
42 1477 30
24 7644 24
23 7878 3
78 2932 34
43 123 32
68 2461 23
36 240 12
63 3228 20
100 4550 13
88 5093 60
79 1671 7
21 5583 21
76 3058 25
35 7054 19
28 225 22
34 9301 31
51 9209 11
76 5929 51
77 8205 70
30 5026 16
22 6923 3
70 2939 51
28 1489 28
75 6945 39
41 3503 12
75 2282 60
62 8300 35
97 8074 13
98 4902 21
61 8563 60
39 8285 26
52 9743 3
83 1223 44
54 5978 2
21 414 12
81 3864 9
43 775 26
78 8757 8
28 1201 13
84 5757 62
83 2286 73
63 7520 55
50 646 4
37 2769 25
90 1939 4
37 8103 22
67 9714 59
87 1987 73
66 9976 13
97 3132 44
80 1988 57
27 4929 22
56 1003 11
50 5148 31
26 7878 13
99 9497 26
46 3133 16
80 9824 26
57 4792 45
62 9949 49
100 8478 33
68 9697 34
50 9388 34
46 5122 28
37 3455 21
48 7605 25
22 1485 10
56 7988 43
71 2074 30
86 889 82
63 394 34
51 8322 36
72 2494 53
86 7775 75
87 5519 78
63 5730 61
85 9774 59
91 413 19
49 4658 37
95 6251 5
70 5916 29
67 8993 3
88 9402 80
24 744 8
76 983 61
27 333 22
90 4475 41
47 7731 33
85 8933 73
83 5870 9
47 5474 10
34 176 26
85 4624 4
34 8546 17
77 9146 39
35 9902 8
41 848 27
83 7197 3
20 2673 16
45 3064 32
88 8040 39
40 4847 26
45 6032 10
95 7301 73
98 9642 54
48 3366 40
35 3280 34
33 9787 6
